        0.821408990664859         5.13275936628764
        0.823382365127982         4.55726037068132
        0.825355739591104         4.37103045859854
        0.827329114054227         4.24079801681081
        0.829302488517349         4.13798770040694
        0.831275862980472           4.052019484368
        0.833249237443594          3.9776493742745
        0.835222611906717         3.91184851319065
        0.837195986369839         3.85268962562805
        0.839169360832962         3.79886129074306
        0.841142735296084         3.74942582264581
        0.843116109759207         3.70368668628505
        0.845089484222329         3.66111054729738
        0.847062858685452         3.62127891178707
        0.849036233148574         3.58385625758567
        0.851009607611697          3.5485693298548
        0.852982982074819         3.51519198991236
        0.854956356537942         3.48353473586412
        0.856929731001064          3.4534369755518
        0.858903105464187          3.4247612635317
        0.860876479927309         3.39738892697296
        0.862849854390432         3.37121669363638
        0.864823228853554         3.34615405617859
        0.866796603316677         3.32212118601263
        0.868769977779799         3.29904738500421
        0.870743352242922         3.27686925139379
        0.872716726706044         3.25553030006601
        0.874690101169167         3.23497957570051
         0.87666347563229         3.21517101914908
        0.878636850095412         3.19606283816956
        0.880610224558535         3.17761697792715
        0.882583599021657         3.15979867267837
        0.884556973484779         3.14257606398299
        0.886530347947902         3.12591987380379
        0.888503722411024         3.10980312318779
        0.890477096874147         3.09420088902095
         0.89245047133727         3.07909009275115
        0.894423845800392         3.06444931614731
        0.896397220263515          3.0502586399353
        0.898370594726637         3.03649950200997
         0.90034396918976         3.02315457235481
        0.902317343652882         3.01020764235862
        0.904290718116004         2.99764352655414
        0.906264092579127         2.98544797512145
         0.90823746704225         2.97360759574889
        0.910210841505372         2.96210978367542
        0.912184215968495         2.95094265886348
        0.914157590431617         2.94009500948171
         0.91613096489474         2.92955624088283
        0.918104339357862          2.9193163295137
        0.920077713820985          2.9093657811003
        0.922051088284107         2.89969559272755
         0.92402446274723         2.89029721829542
        0.925997837210352         2.88116253705272
        0.927971211673475          2.8722838248517
        0.929944586136597         2.86365372784803
         0.93191796059972         2.85526523839938
        0.933891335062842         2.84711167293978
        0.935864709525965         2.83918665163714
        0.937838083989087         2.83148407966136
         0.93981145845221         2.82399812990996
        0.941784832915332         2.81672322705554
        0.943758207378455         2.80965403279435
        0.945731581841577         2.80278543217939
          0.9477049563047         2.79611252096812
        0.949678330767822         2.78963059385197
        0.951651705230945          2.7833351335295
        0.953625079694067         2.77722180054862
         0.95559845415719         2.77128642381793
        0.957571828620312         2.76552499178336
        0.959545203083435         2.75993364417765
        0.961518577546557         2.75450866431113
         0.96349195200968         2.74924647186062
        0.965465326472802         2.74414361612355
        0.967438700935925         2.73919676968291
        0.969412075399047         2.73440272247414
         0.97138544986217         2.72975837621263
        0.973358824325292         2.72526073915281
        0.975332198788415         2.72090711859697
        0.977305573251537          2.7166943270642
         0.97927894771466         2.71261986088105
        0.981252322177782         2.70868110798239
        0.983225696640905         2.70487554090824
        0.985199071104027          2.7012007131203
         0.98717244556715          2.6976542555433
        0.989145820030272         2.69423387329349
        0.991119194493395         2.69093734256799
        0.993092568956517         2.68776250769492
         0.99506594341964         2.68470727837251
        0.997039317882762          2.6817696270168
        0.999012692345885         2.67894758624854
         1.00098606680901         2.67623924655058
         1.00295944127213         2.67364275397401
         1.00493281573525         2.67115630802398
         1.00690619019837         2.66877815957332
          1.0088795646615         2.66650660898276
         1.01085293912462         2.66434000420991
         1.01282631358774          2.6622767390606
         1.01479968805086         2.66031525153403
         1.01677306251399           2.658454022181
         1.01874643697711         2.65669157260849
         1.02071981144023         2.65502646402667
         1.02269318590335         2.65345729584967
         1.02466656036648         2.65198270436002
          1.0266399348296         2.65060136146424
         1.02861330929272           2.649311973456
         1.03058668375584         2.64811327986261
         1.03256005821897         2.64700405235618
         1.03453343268209         2.64598309364296
         1.03650680714521         2.64504923650006
         1.03848018160833         2.64420134276037
         1.04045355607146         2.64343830239508
         1.04242693053458         2.64275903261553
          1.0444003049977         2.64216247700299
         1.04637367946082         2.64164760470419
         1.04834705392395         2.64121340961807
         1.05032042838707         2.64085890964561
         1.05229380285019          2.6405831459629
         1.05426717731331         2.64038518228802
         1.05624055177644         2.64026410426776
         1.05821392623956         2.64021901876966
         1.06018730070268          2.6402490532748
          1.0621606751658         2.64035335529283
         1.06413404962893         2.64053109176366
         1.06610742409205         2.64078144851106
         1.06808079855517         2.64110362970736
         1.07005417301829         2.64149685734838
         1.07202754748142         2.64196037075819
         1.07400092194454         2.64249342611378
         1.07597429640766         2.64309529597605
         1.07794767087078         2.64376526885544
         1.07992104533391         2.64450264875146
         1.08189441979703         2.64530675477136
         1.08386779426015         2.64617692071663
         1.08584116872327         2.64711249467914
          1.0878145431864         2.64811283870175
         1.08978791764952         2.64917732837631
         1.09176129211264         2.65030535252083
         1.09373466657576         2.65149631283495
         1.09570804103889         2.65274962356926
         1.09768141550201         2.65406471121882
         1.09965478996513         2.65544101420836
         1.10162816442825         2.65687798260291
         1.10360153889138         2.65837507781575
          1.1055749133545         2.65993177234131
         1.10754828781762          2.6615475494782
         1.10952166228074         2.66322190307559
         1.11149503674387          2.6649543372826
         1.11346841120699         2.66674436629307
         1.11544178567011         2.66859151412634
         1.11741516013323         2.67049531439559
         1.11938853459636          2.6724553100733
         1.12136190905948         2.67447105329525
          1.1233352835226         2.67654210513943
         1.12530865798572         2.67866803542497
         1.12728203244885         2.68084842253308
         1.12925540691197         2.68308285319181
         1.13122878137509         2.68537092230711
         1.13320215583822         2.68771223278321
         1.13517553030134          2.6901063953469
         1.13714890476446         2.69255302837983
         1.13912227922758         2.69505175775503
          1.1410956536907          2.6976022166772
         1.14306902815383         2.70020404553305
         1.14504240261695         2.70285689173484
         1.14701577708007         2.70556040957945
         1.14898915154319          2.7083142601065
         1.15096252600632         2.71111811096021
         1.15293590046944         2.71397163625662
         1.15490927493256         2.71687451645741
         1.15688264939568         2.71982643822926
         1.15885602385881         2.72282709434203
         1.16082939832193         2.72587618354002
         1.16280277278505         2.72897341042213
         1.16477614724818         2.73211848533431
          1.1667495217113         2.73531112425867
         1.16872289617442         2.73855104870691
         1.17069627063754          2.7418379856165
         1.17266964510067         2.74517166725162
         1.17464301956379         2.74855183109801
         1.17661639402691         2.75197821977393
         1.17858976849003         2.75545058094413
         1.18056314295315         2.75896866721367
         1.18253651741628         2.76253223604679
          1.1845098918794         2.76614104968286
         1.18648326634252         2.76979487505145
         1.18845664080564         2.77349348369099
         1.19043001526877         2.77723665166963
         1.19240338973189          2.7810241595081
         1.19437676419501         2.78485579210455
         1.19635013865813         2.78873133866155
         1.19832351312126         2.79265059261471
         1.20029688758438         2.79661335156336
          1.2022702620475         2.80061941720296
         1.20424363651063         2.80466859526087
         1.20621701097375         2.80876069542412
         1.20819038543687         2.81289553129476
         1.21016375989999         2.81707292030532
         1.21213713436312         2.82129268368258
         1.21411050882624         2.82555464636734
