        0.486538478530006        0.441697528869801
        0.490194619385766        0.392702342080662
        0.493850760241526        0.385238830078861
        0.497506901097286        0.383646682592873
        0.501163041953046        0.385043510415771
        0.504819182808806        0.388365342520495
        0.508475323664566        0.393086525188141
        0.512131464520326        0.398910183057772
        0.515787605376086        0.405659395151506
        0.519443746231846        0.413230610167999
        0.523099887087606        0.421571683699021
        0.526756027943366        0.430672007705863
        0.530412168799126        0.440560999264731
        0.534068309654886        0.451317690498879
        0.537724450510646        0.463115292426429
        0.541380591366406        0.476536081520983
        0.545036732222166        0.491402358999601
        0.548692873077925        0.506976832908168
        0.552349013933685        0.522944900287086
        0.556005154789445        0.539122173425733
        0.559661295645205        0.555389516561215
        0.563317436500965        0.571666585090081
        0.566973577356725        0.587897366547999
        0.570629718212485        0.604042703366461
        0.574285859068245        0.620074792938492
        0.577941999924005        0.635973715435409
        0.581598140779765        0.651725767937323
        0.585254281635525        0.667330443961025
        0.588910422491285        0.682754559260528
        0.592566563347045        0.698021371531468
        0.596222704202805        0.713119655118344
        0.599878845058565        0.728049048215109
        0.603534985914325        0.742810092029557
        0.607191126770085        0.757403914497113
        0.610847267625845         0.77183369633899
        0.614503408481605        0.786099731244612
        0.618159549337365        0.800206966547448
        0.621815690193125         0.81415828926957
        0.625471831048885        0.827958192719963
        0.629127971904645         0.84160596967798
        0.632784112760404        0.855110398788135
        0.636440253616164        0.868472092340641
        0.640096394471924        0.881698240284068
        0.643752535327684        0.894788930320744
        0.647408676183444        0.907751532529427
        0.651064817039204        0.920586553929681
        0.654720957894964        0.933301995063955
        0.658377098750724        0.945896503594832
        0.662033239606484        0.958378136828867
        0.665689380462244        0.970750789580177
        0.669345521318004         0.98301354081669
        0.673001662173764        0.995174871049549
        0.676657803029524         1.00723726735771
        0.680313943885284         1.01920230326594
        0.683970084741044         1.03107631763946
        0.687626225596804         1.04286264118724
        0.691282366452564         1.05456177089216
        0.694938507308324          1.0661790455261
        0.698594648164084         1.07771755112298
        0.702250789019844         1.08918005808671
        0.705906929875604         1.10056981880664
        0.709563070731364         1.11189001539913
        0.713219211587124         1.12314364321085
        0.716875352442883          1.1343345120626
        0.720531493298643           1.145461707521
        0.724187634154403         1.15653348584268
        0.727843775010163         1.16754928871466
        0.731499915865923         1.17851214053745
        0.735156056721683         1.18942268431822
        0.738812197577443         1.20028728857586
        0.742468338433203         1.21110572593568
        0.746124479288963         1.22188180302239
        0.749780620144723         1.23262002423729
        0.753436761000483         1.24331440216736
        0.757092901856243         1.25397577698064
        0.760749042712003         1.26460353626551
        0.764405183567763         1.27519895193468
        0.768061324423523          1.2857650045624
        0.771717465279283         1.29630237660669
        0.775373606135043         1.30681273548106
        0.779029746990803          1.3172973003414
        0.782685887846563         1.32776211481645
        0.786342028702323         1.33821122673586
        0.789998169558083         1.34863158966081
        0.793654310413843          1.3590454104486
        0.797310451269603         1.36944538362489
        0.800966592125362         1.37981153413722
        0.804622732981122         1.39017489162341
        0.808278873836882         1.40052237410923
        0.811935014692642         1.41085877020183
        0.815591155548402         1.42118135263982
        0.819247296404162         1.43149670199973
        0.822903437259922         1.44180932941433
        0.826559578115682         1.45206229969719
        0.830215718971442         1.46229207834981
        0.833871859827202           1.472493209952
        0.837528000682962         1.48272074041999
        0.841184141538722         1.49299294704328
        0.844840282394482         1.50324994388647
        0.848496423250242         1.51355935112089
        0.852152564106002         1.52389763398663
        0.855808704961762         1.53436456068171
        0.859464845817522         1.54467323653338
        0.863120986673282         1.55510484313394
        0.866777127529042         1.56557252269856
        0.870433268384802         1.57609085295809
        0.874089409240562         1.58662980912838
        0.877745550096322         1.59720696106527
        0.881401690952082         1.60782751743608
        0.885057831807841          1.6184855367187
        0.888713972663602         1.62917854877512
        0.892370113519361         1.63991124536115
        0.896026254375121         1.65068320951975
        0.899682395230881         1.66149703953217
        0.903338536086641          1.6723564769205
        0.906994676942401         1.68326043510145
        0.910650817798161         1.69420793000958
        0.914306958653921         1.70518687728372
        0.917963099509681         1.71621832178889
        0.921619240365441         1.72728923171145
        0.925275381221201         1.73845257347526
        0.928931522076961         1.74957450307373
        0.932587662932721         1.76079228200474
        0.936243803788481         1.77206304132272
        0.939899944644241         1.78336923019306
        0.943556085500001         1.79466316582292
        0.947212226355761         1.80611207666166
        0.950868367211521         1.81757289228642
        0.954524508067281         1.82908568278713
        0.958180648923041          1.8406370722662
        0.961836789778801         1.85226327861721
        0.965492930634561         1.86391491421616
         0.96914907149032         1.87561971339032
         0.97280521234608         1.88731556278418
         0.97646135320184         1.89911341731958
          0.9801174940576         1.91096439538856
         0.98377363491336         1.92284670584098
         0.98742977576912         1.93478572042567
         0.99108591662488         1.94677318256987
         0.99474205748064         1.95881194302273
          0.9983981983364         1.97090252376048
         1.00205433919216         1.98303987775766
         1.00571048004792         1.99523392332957
         1.00936662090368          2.0074689431019
         1.01302276175944         2.01977434723958
          1.0166789026152           2.032126839425
         1.02033504347096         2.04452534263103
         1.02399118432672         2.05696557659334
         1.02764732518248         2.06946233599034
         1.03130346603824         2.08203587948417
           1.034959606894         2.09464030885364
         1.03861574774976         2.10731470141038
         1.04227188860552         2.12002689253494
         1.04592802946128         2.13279115415896
         1.04958417031704         2.14560250066989
          1.0532403111728         2.15846792837243
         1.05689645202856         2.17140168943809
         1.06055259288432         2.18438810335004
         1.06420873374008         2.19742943211104
         1.06786487459584         2.21052374321847
          1.0715210154516         2.22367701417843
         1.07517715630736         2.23689273275372
         1.07883329716312         2.25015252348392
         1.08248943801888         2.26347472811962
         1.08614557887464         2.27685463522873
          1.0898017197304         2.29029106911636
         1.09345786058616          2.3037752970134
         1.09711400144192         2.31734648539407
         1.10077014229768         2.33096148241248
         1.10442628315344         2.34462714570174
          1.1080824240092         2.35835480573765
         1.11173856486496         2.37213625709319
         1.11539470572072         2.38599491019842
         1.11905084657648         2.39990421687234
         1.12270698743224         2.41387412541234
           1.126363128288         2.42790907138188
         1.13001926914376          2.4420038084578
         1.13367540999952         2.45615931302649
         1.13733155085528         2.47038426448127
         1.14098769171104         2.48466718102155
          1.1446438325668         2.49902959814812
         1.14829997342256         2.51342974566807
         1.15195611427832         2.52790878827857
         1.15561225513408         2.54245062229986
         1.15926839598984         2.55705741356615
          1.1629245368456         2.57174600977466
         1.16658067770136         2.58648734476122
         1.17023681855712         2.60129759396013
         1.17389295941288         2.61615255395056
         1.17754910026864         2.63109435005058
          1.1812052411244         2.64610950289234
         1.18486138198016         2.66119812582946
         1.18851752283592         2.67634842258555
         1.19217366369168         2.69157075803779
         1.19582980454744         2.70686829663175
          1.1994859454032         2.72222803093467
         1.20314208625896         2.73767113954639
         1.20679822711472         2.75318039280571
         1.21045436797048         2.76876406582093
         1.21411050882624         2.78442253142149
