        0.151667984895646         1.44438605045965
         0.20758601247094        0.476732510384305
        0.263504040046234        0.477026864951831
        0.319422067621529        0.542639991836762
        0.375340095196823        0.628970030279082
        0.431258122772117        0.725175930633863
        0.487176150347411        0.828041382389564
        0.543094177922706        0.936756178924345
           0.599012205498         1.05143782703864
        0.654930233073294         1.17262118531418
        0.710848260648589          1.3010450400151
        0.766766288223883         1.43756681970456
        0.822684315799177          1.5831215936276
        0.878602343374472          1.7387139218297
        0.934520370949766          1.9054328639126
         0.99043839852506         2.08448713299483
         1.04635642610035         2.27726291777133
         1.10227445367565           2.485408507462
         1.15819248125094         2.71095232005745
         1.21411050882624         2.95647083989796
