                   T[GeV]                  tauU[fm]                  tauD[fm]                  tauS[fm]               tauUBar[fm]               tauDBar[fm]               tauSBar[fm]                effMU[GeV]                effMD[GeV]                effMS[GeV]               effCPU[GeV]               effCPD[GeV]               effCPS[GeV]
        0.120000000000000        19.224462693400376        19.224462693400373        24.221678545769063        19.224462693400376        19.224462693400376        24.221678545769063         0.344727991767736         0.344727991767736         0.536629920733286         0.000000000000000         0.000000000000000         0.000000000000000
        0.121000000000000        18.381236854416809        18.381236854417164        23.164479335610960        18.381236854416812        18.381236854417164        23.164479335610960         0.343795051483527         0.343795051483537         0.536088839842219         0.000000000000000         0.000000000000000         0.000000000000000
        0.122000000000000        17.585180060934814        17.585180060933958        22.166835240126456        17.585180060934814        17.585180060933961        22.166835240126456         0.342835955221808         0.342835955221782         0.535532306189432         0.000000000000000         0.000000000000000         0.000000000000000
        0.123000000000000        16.833380748820900        16.833380748818875        21.224706095087345        16.833380748820904        16.833380748818875        21.224706095087345         0.341850265148218         0.341850265148152         0.534960097253699         0.000000000000000         0.000000000000000         0.000000000000000
        0.124000000000000        16.122691846209847        16.122691846210483        20.334369334836026        16.122691846209847        16.122691846210483        20.334369334836019         0.340837529733164         0.340837529733186         0.534371987871091         0.000000000000000         0.000000000000000         0.000000000000000
        0.125000000000000        15.450478655879380        15.450478655877680        19.492356011094479        15.450478655879380        15.450478655877678        19.492356011094483         0.339797289331677         0.339797289331615         0.533767752475648         0.000000000000000         0.000000000000000         0.000000000000000
        0.126000000000000        14.814255368898641        14.814255368898070        18.695533557469354        14.814255368898642        14.814255368898069        18.695533557469357         0.338729075738329         0.338729075738307         0.533147165055334         0.000000000000000         0.000000000000000         0.000000000000000
        0.127000000000000        14.211717797682919        14.211717797684084        17.940975580341263        14.211717797682919        14.211717797684086        17.940975580341263         0.337632411728237         0.337632411728284         0.532509999110120         0.000000000000000         0.000000000000000         0.000000000000000
        0.128000000000000        13.640725935939056        13.640725935939631        17.225923949950236        13.640725935939058        13.640725935939630        17.225923949950236         0.336506810576786         0.336506810576811         0.531856027610983         0.000000000000000         0.000000000000000         0.000000000000000
        0.129000000000000        13.099299387638581        13.099299387638583        16.547863456342412        13.099299387638583        13.099299387638583        16.547863456342412         0.335351761278277         0.335351761278277         0.531185017655580         0.000000000000000         0.000000000000000         0.000000000000000
        0.130000000000000        12.585611108030845        12.585611108030855        15.904534812135983        12.585611108030845        12.585611108030855        15.904534812135983         0.334166783789209         0.334166783789209         0.530496751164170         0.000000000000000         0.000000000000000         0.000000000000000
        0.131000000000000        12.097951043298108        12.097951043298108        15.293740477790541        12.097951043298108        12.097951043298110        15.293740477790543         0.332951346826023         0.332951346826023         0.529790994461132         0.000000000000000         0.000000000000000         0.000000000000000
        0.132000000000000        11.634734115447591        11.634734115447591        14.713486270366049        11.634734115447591        11.634734115447591        14.713486270366046         0.331704920520940         0.331704920520940         0.529067518061454         0.000000000000000         0.000000000000000         0.000000000000000
        0.133000000000000        11.194489337899117        11.194489337899116        14.161909008992993        11.194489337899116        11.194489337899117        14.161909008992993         0.330426962839102         0.330426962839102         0.528326091802936         0.000000000000000         0.000000000000000         0.000000000000000
        0.134000000000000        10.775875813157901        10.775875813157908        13.637303562427487        10.775875813157898        10.775875813157906        13.637303562427489         0.329116918983539         0.329116918983539         0.527566484831719         0.000000000000000         0.000000000000000         0.000000000000000
        0.135000000000000        10.377556884086347        10.377556884086349        13.138037659869882        10.377556884086349        10.377556884086347        13.138037659869882         0.327774220777900         0.327774220777900         0.526788465594838         0.000000000000000         0.000000000000000         0.000000000000000
        0.136000000000000         9.998355357564565         9.998355357564567        12.662624616794346         9.998355357564567         9.998355357564567        12.662624616794350         0.326398286026195         0.326398286026195         0.525991801840837         0.000000000000000         0.000000000000000         0.000000000000000
        0.137000000000000         9.637204888363984         9.637204888363978        12.209682710896654         9.637204888363984         9.637204888363977        12.209682710896654         0.324988517848819         0.324988517848819         0.525176260629565         0.000000000000000         0.000000000000000         0.000000000000000
        0.138000000000000         9.293063954401827         9.293063954401827        11.777908649523273         9.293063954401825         9.293063954401825        11.777908649523271         0.323544303994177         0.323544303994177         0.524341608352435         0.000000000000000         0.000000000000000         0.000000000000000
        0.139000000000000         8.964921313153042         8.964921313153045        11.366096457570903         8.964921313153045         8.964921313153043        11.366096457570904         0.322065016125288         0.322065016125288         0.523487610764529         0.000000000000000         0.000000000000000         0.000000000000000
        0.140000000000000         8.651919501504290         8.651919501504290        10.973104573849344         8.651919501504288         8.651919501504288        10.973104573849342         0.320550009080834         0.320550009080834         0.522614033030146         0.000000000000000         0.000000000000000         0.000000000000000
        0.141000000000000         8.353196594746858         8.353196594746860        10.597899630690989         8.353196594746858         8.353196594746862        10.597899630690991         0.318998620110208         0.318998620110208         0.521720639783538         0.000000000000000         0.000000000000000         0.000000000000000
        0.142000000000000         8.067960776944664         8.067960776944668        10.239472079257224         8.067960776944663         8.067960776944666        10.239472079257226         0.317410168082292         0.317410168082292         0.520807195206801         0.000000000000000         0.000000000000000         0.000000000000000
        0.143000000000000         7.795475396995527         7.795475396995527         9.896913295188194         7.795475396995527         7.795475396995527         9.896913295188194         0.315783952667850         0.315783952667850         0.519873463127142         0.000000000000000         0.000000000000000         0.000000000000000
        0.144000000000000         7.535045714807963         7.535045714807963         9.569349462945162         7.535045714807963         7.535045714807962         9.569349462945166         0.314119253495651         0.314119253495651         0.518919207135987         0.000000000000000         0.000000000000000         0.000000000000000
        0.145000000000000         7.286028548622534         7.286028548622534         9.255984200835492         7.286028548622534         7.286028548622534         9.255984200835492         0.312415329282733         0.312415329282733         0.517944190732713         0.000000000000000         0.000000000000000         0.000000000000000
        0.146000000000000         7.047809116277922         7.047809116277922         8.956064788202648         7.047809116277922         7.047809116277922         8.956064788202648         0.310671416939571         0.310671416939571         0.516948177496138         0.000000000000000         0.000000000000000         0.000000000000000
        0.147000000000000         6.819813241614336         6.819813241614339         8.668855872842025         6.819813241614336         6.819813241614339         8.668855872842023         0.308886730651320         0.308886730651320         0.515930931287286         0.000000000000000         0.000000000000000         0.000000000000000
        0.148000000000000         6.601500225790679         6.601500225790677         8.393693093774695         6.601500225790680         6.601500225790677         8.393693093774695         0.307060460936863         0.307060460936862         0.514892216487387         0.000000000000000         0.000000000000000         0.000000000000000
        0.149000000000000         6.392379536663484         6.392379536663483         8.129975146033502         6.392379536663483         6.392379536663482         8.129975146033502         0.305191773688015         0.305191773688015         0.513831798275590         0.000000000000000         0.000000000000000         0.000000000000000
        0.150000000000000         6.191965116674654         6.191965116674650         7.877101314702452         6.191965116674654         6.191965116674650         7.877101314702453         0.303279809192057         0.303279809192057         0.512749442951416         0.000000000000000         0.000000000000000         0.000000000000000
        0.151000000000000         5.999811533749775         5.999811533749775         7.634521188139936         5.999811533749774         5.999811533749774         7.634521188139936         0.301323681141653         0.301323681141653         0.511644918307654         0.000000000000000         0.000000000000000         0.000000000000000
        0.152000000000000         5.815497819843800         5.815497819843800         7.401716667695936         5.815497819843800         5.815497819843800         7.401716667695936         0.299322475637435         0.299322475637436         0.510517994060121         0.000000000000000         0.000000000000000         0.000000000000000
        0.153000000000000         5.638626366803765         5.638626366803782         7.178188736418221         5.638626366803765         5.638626366803781         7.178188736418220         0.297275250189873         0.297275250189874         0.509368442341547         0.000000000000000         0.000000000000000         0.000000000000000
        0.154000000000000         5.468821831625276         5.468821831625276         6.963484462268001         5.468821831625276         5.468821831625277         6.963484462268002         0.295181032728752         0.295181032728752         0.508196038267809         0.000000000000000         0.000000000000000         0.000000000000000
        0.155000000000000         5.305730468611083         5.305730468611083         6.757156349002514         5.305730468611082         5.305730468611082         6.757156349002514         0.293038820630574         0.293038820630575         0.507000560585815         0.000000000000000         0.000000000000000         0.000000000000000
        0.156000000000000         5.149031403813265         5.149031403813265         6.558832399891308         5.149031403813265         5.149031403813265         6.558832399891308         0.290847579776631         0.290847579776632         0.505781792413546         0.000000000000000         0.000000000000000         0.000000000000000
        0.157000000000000         4.998387094624225         4.998387094624225         6.368089632615655         4.998387094624224         4.998387094624225         6.368089632615654         0.288606243657474         0.288606243657475         0.504539522084220         0.000000000000000         0.000000000000000         0.000000000000000
        0.158000000000000         4.853517219777282         4.853517219777283         6.184572153340176         4.853517219777283         4.853517219777283         6.184572153340176         0.286313712542841         0.286313712542840         0.503273544108036         0.000000000000000         0.000000000000000         0.000000000000000
        0.159000000000000         4.714113604069828         4.714113604069828         6.007941661378744         4.714113604069827         4.714113604069827         6.007941661378743         0.283968852740596         0.283968852740596         0.501983660266867         0.000000000000000         0.000000000000000         0.000000000000000
        0.160000000000000         4.579935390294896         4.579935390294907         5.837872423434535         4.579935390294895         4.579935390294906         5.837872423434534         0.281570495972892         0.281570495972893         0.500669680859214         0.000000000000000         0.000000000000000         0.000000000000000
        0.161000000000000         4.450722172136204         4.450722172136204         5.674057609057896         4.450722172136204         4.450722172136203         5.674057609057895         0.279117438904260         0.279117438904259         0.499331426115113         0.000000000000000         0.000000000000000         0.000000000000000
        0.162000000000000         4.326216717905270         4.326216717905270         5.516211742670611         4.326216717905269         4.326216717905270         5.516211742670611         0.276608442863181         0.276608442863180         0.497968727803280         0.000000000000000         0.000000000000000         0.000000000000000
        0.163000000000000         4.206200360633080         4.206200360633071         5.364053617960912         4.206200360633080         4.206200360633070         5.364053617960911         0.274042233807685         0.274042233807685         0.496581431055742         0.000000000000000         0.000000000000000         0.000000000000000
        0.164000000000000         4.090460644586706         4.090460644586706         5.217326340924385         4.090460644586705         4.090460644586705         5.217326340924385         0.271417502595679         0.271417502595680         0.495169396438526         0.000000000000000         0.000000000000000         0.000000000000000
        0.165000000000000         3.978760548623911         3.978760548623912         5.075781982736276         3.978760548623912         3.978760548623912         5.075781982736276         0.268732905633380         0.268732905633380         0.493732502300734         0.000000000000000         0.000000000000000         0.000000000000000
        0.166000000000000         3.870903353385927         3.870903353385927         4.939188117801787         3.870903353385927         3.870903353385928         4.939188117801787         0.265987065989761         0.265987065989761         0.492270647438460         0.000000000000000         0.000000000000000         0.000000000000000
        0.167000000000000         3.766705722225380         3.766705722225372         4.807322803122742         3.766705722225380         3.766705722225373         4.807322803122743         0.263178575083133         0.263178575083131         0.490783754114749         0.000000000000000         0.000000000000000         0.000000000000000
        0.168000000000000         3.665955699764297         3.665955699764290         4.679983195050611         3.665955699764297         3.665955699764290         4.679983195050612         0.260305995066293         0.260305995066291         0.489271771481755         0.000000000000000         0.000000000000000         0.000000000000000
        0.169000000000000         3.568489441674453         3.568489441674453         4.556965894748036         3.568489441674453         3.568489441674453         4.556965894748037         0.257367862062720         0.257367862062720         0.487734679457042         0.000000000000000         0.000000000000000         0.000000000000000
        0.170000000000000         3.473813899888727         3.473813899888745         4.438082478742412         3.473813899888726         3.473813899888744         4.438082478742412         0.254362690435109         0.254362690435114         0.486172493111863         0.000000000000000         0.000000000000000         0.000000000000000
        0.171000000000000         3.382739189397062         3.382739189397079         4.323148953374305         3.382739189397062         3.382739189397079         4.323148953374305         0.251288978303297         0.251288978303303         0.484585267635748         0.000000000000000         0.000000000000000         0.000000000000000
        0.172000000000000         3.293821068740430         3.293821068740419         4.212005263939536         3.293821068740429         3.293821068740418         4.212005263939536         0.248145214569400         0.248145214569396         0.482973103948371         0.000000000000000         0.000000000000000         0.000000000000000
        0.173000000000000         3.207426364885002         3.207426364885007         4.104481530914904         3.207426364885002         3.207426364885007         4.104481530914904         0.244929887756800         0.244929887756803         0.481336155036334         0.000000000000000         0.000000000000000         0.000000000000000
        0.174000000000000         3.123375126087596         3.123375126087596         4.000432462198986         3.123375126087596         3.123375126087596         4.000432462198986         0.241641497025560         0.241641497025560         0.479674633098921         0.000000000000000         0.000000000000000         0.000000000000000
        0.175000000000000         3.041529818080583         3.041529818080578         3.899698149624144         3.041529818080583         3.041529818080578         3.899698149624144         0.238278565790860         0.238278565790858         0.477988817592291         0.000000000000000         0.000000000000000         0.000000000000000
        0.176000000000000         2.961369580812752         2.961369580812769         3.802163954491677         2.961369580812752         2.961369580812769         3.802163954491676         0.234839658446289         0.234839658446299         0.476279064265762         0.000000000000000         0.000000000000000         0.000000000000000
        0.177000000000000         2.883478373460318         2.883478373460322         3.707658728257346         2.883478373460318         2.883478373460322         3.707658728257347         0.231323400773968         0.231323400773971         0.474545815284879         0.000000000000000         0.000000000000000         0.000000000000000
        0.178000000000000         2.806135358493118         2.806135358493110         3.616109817339009         2.806135358493118         2.806135358493110         3.616109817339009         0.227728504716798         0.227728504716795         0.472789610533641         0.000000000000000         0.000000000000000         0.000000000000000
        0.179000000000000         2.729384009145836         2.729384009145821         3.527360888031376         2.729384009145836         2.729384009145821         3.527360888031376         0.224053798282141         0.224053798282133         0.471011100179175         0.000000000000000         0.000000000000000         0.000000000000000
        0.180000000000000         2.652885924243457         2.652885924243433         3.441307414760809         2.652885924243457         2.652885924243433         3.441307414760809         0.220298261446767         0.220298261446755         0.469211058564832         0.000000000000000         0.000000000000000         0.000000000000000
        0.181000000000000         2.580646388746430         2.580646388746440         3.357842953446364         2.580646388746430         2.580646388746440         3.357842953446364         0.216461069026003         0.216461069026010         0.467390399468042         0.000000000000000         0.000000000000000         0.000000000000000
        0.182000000000000         2.514406713770841         2.514406713770828         3.276866348232124         2.514406713770840         2.514406713770828         3.276866348232124         0.212541641548085         0.212541641548078         0.465550192712835         0.000000000000000         0.000000000000000         0.000000000000000
        0.183000000000000         2.452112925874193         2.452112925874208         3.198284172343504         2.452112925874193         2.452112925874208         3.198284172343504         0.208539705221076         0.208539705221085         0.463691682058216         0.000000000000000         0.000000000000000         0.000000000000000
        0.184000000000000         2.392821550617616         2.392821550617596         3.121996801733113         2.392821550617615         2.392821550617596         3.121996801733113         0.204455362072204         0.204455362072191         0.461816304186264         0.000000000000000         0.000000000000000         0.000000000000000
        0.185000000000000         2.336539345922342         2.336539345922339         3.047917594829989         2.336539345922342         2.336539345922339         3.047917594829990         0.200289171240609         0.200289171240608         0.459925708478951         0.000000000000000         0.000000000000000         0.000000000000000
        0.186000000000000         2.282526045596555         2.282526045596570         2.975974053743468         2.282526045596556         2.282526045596570         2.975974053743468         0.196042242172332         0.196042242172343         0.458021777093253         0.000000000000000         0.000000000000000         0.000000000000000
        0.187000000000000         2.230699458847628         2.230699458847638         2.906088990098755         2.230699458847628         2.230699458847637         2.906088990098755         0.191716340054653         0.191716340054661         0.456106644612523         0.000000000000000         0.000000000000000         0.000000000000000
        0.188000000000000         2.180865831348384         2.180865831348371         2.838173981031580         2.180865831348384         2.180865831348371         2.838173981031580         0.187314003136303         0.187314003136291         0.454182716260679         0.000000000000000         0.000000000000000         0.000000000000000
        0.189000000000000         2.132866221680524         2.132866221680545         2.772180999238790         2.132866221680524         2.132866221680545         2.772180999238790         0.182838670578581         0.182838670578600         0.452252683318643         0.000000000000000         0.000000000000000         0.000000000000000
        0.190000000000000         2.086595789571280         2.086595789571300         2.708030548558454         2.086595789571280         2.086595789571300         2.708030548558454         0.178294818047042         0.178294818047060         0.450319533985202         0.000000000000000         0.000000000000000         0.000000000000000
        0.191000000000000         2.041808585142906         2.041808585142924         2.645668156492691         2.041808585142906         2.041808585142924         2.645668156492691         0.173688096361875         0.173688096361893         0.448386557505619         0.000000000000000         0.000000000000000         0.000000000000000
        0.192000000000000         1.998518099404038         1.998518099404049         2.585049903934935         1.998518099404038         1.998518099404049         2.585049903934935         0.169025466154747         0.169025466154759         0.446457338997782         0.000000000000000         0.000000000000000         0.000000000000000
        0.193000000000000         1.956579709415741         1.956579709415744         2.526112200569993         1.956579709415740         1.956579709415744         2.526112200569992         0.164315318705333         0.164315318705336         0.444535742113136         0.000000000000000         0.000000000000000         0.000000000000000
        0.194000000000000         1.915910404178513         1.915910404178545         2.468805065865548         1.915910404178513         1.915910404178545         2.468805065865547         0.159567570207094         0.159567570207133         0.442625876590202         0.000000000000000         0.000000000000000         0.000000000000000
        0.195000000000000         1.876385326236147         1.876385326236132         2.413084426918686         1.876385326236147         1.876385326236132         2.413084426918687         0.154793714013934         0.154793714013916         0.440732048023778         0.000000000000000         0.000000000000000         0.000000000000000
        0.196000000000000         1.838043696878831         1.838043696878819         2.358903883001610         1.838043696878831         1.838043696878819         2.358903883001610         0.150006813635018         0.150006813635000         0.438858687932699         0.000000000000000         0.000000000000000         0.000000000000000
        0.197000000000000         1.800714559894353         1.800714559894349         2.306216350523441         1.800714559894353         1.800714559894349         2.306216350523441         0.145221419160926         0.145221419160921         0.437010263578743         0.000000000000000         0.000000000000000         0.000000000000000
        0.198000000000000         1.764366059116237         1.764366059116241         2.254976216540009         1.764366059116237         1.764366059116241         2.254976216540008         0.140453392348327         0.140453392348334         0.435191169005873         0.000000000000000         0.000000000000000         0.000000000000000
        0.199000000000000         1.728945670853510         1.728945670853498         2.205126916149165         1.728945670853509         1.728945670853498         2.205126916149166         0.135719631438734         0.135719631438716         0.433405601321967         0.000000000000000         0.000000000000000         0.000000000000000
        0.200000000000000         1.694400356518620         1.694400356518636         2.156615823591928         1.694400356518620         1.694400356518636         2.156615823591928         0.131037696161232         0.131037696161263         0.431657429029743         0.000000000000000         0.000000000000000         0.000000000000000
        0.201000000000000         1.660678990545107         1.660678990545123         2.109343985947997         1.660678990545107         1.660678990545123         2.109343985947997         0.126425345548882         0.126425345548916         0.429950061723424         0.000000000000000         0.000000000000000         0.000000000000000
        0.202000000000000         1.627727707953717         1.627727707953727         2.063246596760495         1.627727707953717         1.627727707953727         2.063246596760495         0.121900014454197         0.121900014454218         0.428286332080481         0.000000000000000         0.000000000000000         0.000000000000000
        0.203000000000000         1.595486371754089         1.595486371754095         2.018202478660170         1.595486371754089         1.595486371754094         2.018202478660170         0.117478266395261         0.117478266395273         0.426668401212990         0.000000000000000         0.000000000000000         0.000000000000000
        0.204000000000000         1.563872275046972         1.563872275046969         1.974022411041223         1.563872275046972         1.563872275046969         1.974022411041223         0.113175267648714         0.113175267648703         0.425097696772461         0.000000000000000         0.000000000000000         0.000000000000000
        0.205000000000000         1.532784164696229         1.532784164696225         1.930516612165903         1.532784164696229         1.532784164696225         1.930516612165902         0.109004328123916         0.109004328123905         0.423574889829750         0.000000000000000         0.000000000000000         0.000000000000000
        0.206000000000000         1.502081631567114         1.502081631567113         1.887353754023995         1.502081631567114         1.502081631567113         1.887353754023995         0.104976547711541         0.104976547711537         0.422099912044357         0.000000000000000         0.000000000000000         0.000000000000000
        0.207000000000000         1.471536652845847         1.471536652845847         1.844042021750063         1.471536652845846         1.471536652845846         1.844042021750063         0.101100593735579         0.101100593735579         0.420672009912310         0.000000000000000         0.000000000000000         0.000000000000000
        0.208000000000000         1.440772113465596         1.440772113465596         1.799736725996651         1.440772113465596         1.440772113465596         1.799736725996651         0.097382618491383         0.097382618491382         0.419289828874441         0.000000000000000         0.000000000000000         0.000000000000000
        0.209000000000000         1.409074194159241         1.409074194159239         1.752812795836767         1.409074194159241         1.409074194159240         1.752812795836767         0.093826309452518         0.093826309452513         0.417951517552647         0.000000000000000         0.000000000000000         0.000000000000000
        0.210000000000000         1.375004249464412         1.375004249464412         1.700616752591041         1.375004249464412         1.375004249464412         1.700616752591041         0.090433051355669         0.090433051355670         0.416654841595764         0.000000000000000         0.000000000000000         0.000000000000000
        0.211000000000000         1.338463953837836         1.338463953837836         1.659726527688703         1.338463953837836         1.338463953837837         1.659726527688703         0.087202171251259         0.087202171251262         0.415397297449130         0.000000000000000         0.000000000000000         0.000000000000000
        0.212000000000000         1.288645207885281         1.288645207885282         1.627404354293770         1.288645207885281         1.288645207885282         1.627404354293770         0.084131234941689         0.084131234941695         0.414176218307495         0.000000000000000         0.000000000000000         0.000000000000000
        0.213000000000000         1.254756816805188         1.254756816805188         1.599556330173396         1.254756816805188         1.254756816805188         1.599556330173396         0.081216365233026         0.081216365233026         0.412988866982577         0.000000000000000         0.000000000000000         0.000000000000000
        0.214000000000000         1.227926669093587         1.227926669093587         1.574774265978440         1.227926669093587         1.227926669093587         1.574774265978440         0.078452557511797         0.078452557511797         0.411832512878700         0.000000000000000         0.000000000000000         0.000000000000000
        0.215000000000000         1.205030733910564         1.205030733910564         1.552291094081566         1.205030733910564         1.205030733910564         1.552291094081566         0.075833974662181         0.075833974662182         0.410704492355281         0.000000000000000         0.000000000000000         0.000000000000000
        0.216000000000000         1.184816208146675         1.184816208146675         1.531606386990471         1.184816208146675         1.184816208146675         1.531606386990471         0.073354209878513         0.073354209878515         0.409602253289090         0.000000000000000         0.000000000000000         0.000000000000000
        0.217000000000000         1.166615587295509         1.166615587295509         1.512381346377912         1.166615587295509         1.166615587295509         1.512381346377912         0.071006511617078         0.071006511617078         0.408523385611999         0.000000000000000         0.000000000000000         0.000000000000000
        0.218000000000000         1.150002900399423         1.150002900399424         1.494367043697520         1.150002900399423         1.150002900399424         1.494367043697520         0.068783969337426         0.068783969337427         0.407465640072308         0.000000000000000         0.000000000000000         0.000000000000000
        0.219000000000000         1.134667905633469         1.134667905633469         1.477369008483357         1.134667905633469         1.134667905633469         1.477369008483358         0.066679661744582         0.066679661744582         0.406426937572369         0.000000000000000         0.000000000000000         0.000000000000000
        0.220000000000000         1.120416073666926         1.120416073666926         1.461248697056579         1.120416073666926         1.120416073666926         1.461248697056579         0.064686771110788         0.064686771110788         0.405405371298873         0.000000000000000         0.000000000000000         0.000000000000000
        0.221000000000000         1.107073783900258         1.107073783900250         1.445877376891244         1.107073783900258         1.107073783900250         1.445877376891244         0.062798684456693         0.062798684456620         0.404399196478192         0.000000000000000         0.000000000000000         0.000000000000000
        0.222000000000000         1.094517483455763         1.094517483455746         1.431164564742261         1.094517483455763         1.094517483455746         1.431164564742261         0.061008983822317         0.061008983822145         0.403406853710798         0.000000000000000         0.000000000000000         0.000000000000000
        0.223000000000000         1.082653207102605         1.082653207102605         1.417042930102828         1.082653207102605         1.082653207102605         1.417042930102828         0.059311600054586         0.059311600054586         0.402426911931385         0.000000000000000         0.000000000000000         0.000000000000000
        0.224000000000000         1.071395738332538         1.071395738332538         1.403442827201621         1.071395738332538         1.071395738332538         1.403442827201621         0.057700754268048         0.057700754268049         0.401458091955859         0.000000000000000         0.000000000000000         0.000000000000000
        0.225000000000000         1.060676777364802         1.060676777364794         1.390314834026352         1.060676777364803         1.060676777364794         1.390314834026352         0.056170992642908         0.056170992642818         0.400499246306517         0.000000000000000         0.000000000000000         0.000000000000000
        0.226000000000000         1.050448754259651         1.050448754259665         1.377614014063840         1.050448754259651         1.050448754259665         1.377614014063840         0.054717188949281         0.054717188949454         0.399549348039865         0.000000000000000         0.000000000000000         0.000000000000000
        0.227000000000000         1.040650290034594         1.040650290034597         1.365302836559807         1.040650290034595         1.040650290034597         1.365302836559808         0.053334540206002         0.053334540206036         0.398607479855120         0.000000000000000         0.000000000000000         0.000000000000000
        0.228000000000000         1.031258086952452         1.031258086952452         1.353350360101835         1.031258086952452         1.031258086952452         1.353350360101835         0.052018557454302         0.052018557454302         0.397672823719969         0.000000000000000         0.000000000000000         0.000000000000000
        0.229000000000000         1.022228568596817         1.022228568596817         1.341728624576663         1.022228568596817         1.022228568596817         1.341728624576664         0.050765053211905         0.050765053211914         0.396744651146494         0.000000000000000         0.000000000000000         0.000000000000000
        0.230000000000000         1.013534421952587         1.013534421952588         1.330415065517538         1.013534421952587         1.013534421952588         1.330415065517538         0.049570126792682         0.049570126792685         0.395822314199259         0.000000000000000         0.000000000000000         0.000000000000000
        0.231000000000000         1.005147881177883         1.005147881177885         1.319385160420370         1.005147881177883         1.005147881177885         1.319385160420370         0.048430148406841         0.048430148406861         0.394905237259540         0.000000000000000         0.000000000000000         0.000000000000000
        0.232000000000000         0.997048587047243         0.997048587047244         1.308631557063947         0.997048587047243         0.997048587047244         1.308631557063947         0.047341742726297         0.047341742726315         0.393992909526907         0.000000000000000         0.000000000000000         0.000000000000000
        0.233000000000000         0.989214487581664         0.989214487581663         1.298127981265777         0.989214487581664         0.989214487581663         1.298127981265777         0.046301772397946         0.046301772397930         0.393084878244106         0.000000000000000         0.000000000000000         0.000000000000000
        0.234000000000000         0.981629398929722         0.981629398929722         1.287862879843556         0.981629398929722         0.981629398929722         1.287862879843556         0.045307321865025         0.045307321865021         0.392180742593353         0.000000000000000         0.000000000000000         0.000000000000000
        0.235000000000000         0.974274379262360         0.974274379262359         1.277820140122017         0.974274379262360         0.974274379262359         1.277820140122017         0.044355681735769         0.044355681735752         0.391280148219364         0.000000000000000         0.000000000000000         0.000000000000000
        0.236000000000000         0.967139961254451         0.967139961254450         1.268005937425038         0.967139961254451         0.967139961254450         1.268005937425039         0.043444333857631         0.043444333857608         0.390382782321650         0.000000000000000         0.000000000000000         0.000000000000000
        0.237000000000000         0.960207806256440         0.960207806256440         1.258391459935117         0.960207806256440         0.960207806256440         1.258391459935117         0.042570937194524         0.042570937194518         0.389488369269314         0.000000000000000         0.000000000000000         0.000000000000000
        0.238000000000000         0.953484445395171         0.953484445395171         1.248973350266981         0.953484445395171         0.953484445395171         1.248973350266981         0.041733314556509         0.041733314556518         0.388596666688373         0.000000000000000         0.000000000000000         0.000000000000000
        0.239000000000000         0.946930053995380         0.946930053995380         1.239744713137288         0.946930053995380         0.946930053995380         1.239744713137288         0.040929440198024         0.040929440198025         0.387707461965597         0.000000000000000         0.000000000000000         0.000000000000000
        0.240000000000000         0.940548911631525         0.940548911631525         1.230695441386599         0.940548911631525         0.940548911631525         1.230695441386598         0.040157428278796         0.040157428278795         0.386820569136133         0.000000000000000         0.000000000000000         0.000000000000000
        0.241000000000000         0.934332352310287         0.934332352310287         1.221821310999621         0.934332352310287         0.934332352310287         1.221821310999621         0.039415522162267         0.039415522162267         0.385935826103575         0.000000000000000         0.000000000000000         0.000000000000000
        0.242000000000000         0.928274339372157         0.928274339372157         1.213114745080392         0.928274339372157         0.928274339372157         1.213114745080393         0.038702084518275         0.038702084518277         0.385053092163972         0.000000000000000         0.000000000000000         0.000000000000000
        0.243000000000000         0.922362026950057         0.922362026950057         1.204570822858423         0.922362026950057         0.922362026950057         1.204570822858423         0.038015588186564         0.038015588186563         0.384172245793644         0.000000000000000         0.000000000000000         0.000000000000000
        0.244000000000000         0.916593917254393         0.916593917254393         1.196182738234372         0.916593917254393         0.916593917254393         1.196182738234372         0.037354607758478         0.037354607758475         0.383293182677088         0.000000000000000         0.000000000000000         0.000000000000000
        0.245000000000000         0.910962286602518         0.910962286602519         1.187946624152115         0.910962286602518         0.910962286602519         1.187946624152115         0.036717811827043         0.036717811827051         0.382415813943212         0.000000000000000         0.000000000000000         0.000000000000000
        0.246000000000000         0.905459140463565         0.905459140463564         1.179856313379417         0.905459140463565         0.905459140463564         1.179856313379417         0.036103955858922         0.036103955858913         0.381540064588709         0.000000000000000         0.000000000000000         0.000000000000000
        0.247000000000000         0.900085292570395         0.900085292570395         1.171909159405014         0.900085292570395         0.900085292570395         1.171909159405014         0.035511875644351         0.035511875644346         0.380665872067670         0.000000000000000         0.000000000000000         0.000000000000000
        0.248000000000000         0.894829848189141         0.894829848189142         1.164099987279444         0.894829848189141         0.894829848189142         1.164099987279444         0.034940481278473         0.034940481278490         0.379793185027994         0.000000000000000         0.000000000000000         0.000000000000000
        0.249000000000000         0.889686979161363         0.889686979161363         1.156425297499207         0.889686979161363         0.889686979161363         1.156425297499207         0.034388751631189         0.034388751631198         0.378921962177770         0.000000000000000         0.000000000000000         0.000000000000000
        0.250000000000000         0.884660880026971         0.884660880026971         1.148876199121639         0.884660880026971         0.884660880026971         1.148876199121639         0.033855729269396         0.033855729269399         0.378052171268560         0.000000000000000         0.000000000000000         0.000000000000000
        0.251000000000000         0.879744086566514         0.879744086566514         1.141462583102560         0.879744086566514         0.879744086566514         1.141462583102560         0.033340515789586         0.033340515789585         0.377183788180420         0.000000000000000         0.000000000000000         0.000000000000000
        0.252000000000000         0.874923248620910         0.874923248620910         1.134166390673353         0.874923248620910         0.874923248620910         1.134166390673353         0.032842267531017         0.032842267531020         0.376316796099565         0.000000000000000         0.000000000000000         0.000000000000000
        0.253000000000000         0.870205861087566         0.870205861087565         1.126993977705953         0.870205861087566         0.870205861087565         1.126993977705954         0.032360191634890         0.032360191634879         0.375451184777399         0.000000000000000         0.000000000000000         0.000000000000000
        0.254000000000000         0.865529558573395         0.865529558573396         1.119939612806507         0.865529558573395         0.865529558573396         1.119939612806507         0.031893542419455         0.031893542419469         0.374586949861481         0.000000000000000         0.000000000000000         0.000000000000000
        0.255000000000000         0.860979417131538         0.860979417131538         1.112998830306889         0.860979417131538         0.860979417131538         1.112998830306889         0.031441618047610         0.031441618047608         0.373724092292501         0.000000000000000         0.000000000000000         0.000000000000000
        0.256000000000000         0.856575699492147         0.856575699492147         1.106169556459264         0.856575699492147         0.856575699492147         1.106169556459264         0.031003757457970         0.031003757457970         0.372862617758180         0.000000000000000         0.000000000000000         0.000000000000000
        0.257000000000000         0.852287487308425         0.852287487308425         1.099449488503927         0.852287487308425         0.852287487308425         1.099449488503927         0.030579337538998         0.030579337538998         0.372002536199251         0.000000000000000         0.000000000000000         0.000000000000000
        0.258000000000000         0.848028189103770         0.848028189103770         1.092836272670839         0.848028189103770         0.848028189103770         1.092836272670839         0.030167770526259         0.030167770526255         0.371143861361911         0.000000000000000         0.000000000000000         0.000000000000000
        0.259000000000000         0.843831793787997         0.843831793787997         1.086325856626247         0.843831793787997         0.843831793787997         1.086325856626247         0.029768501601306         0.029768501601321         0.370286610391558         0.000000000000000         0.000000000000000         0.000000000000000
        0.260000000000000         0.839713794226350         0.839713794226349         1.079918773979671         0.839713794226350         0.839713794226349         1.079918773979671         0.029381006677303         0.029381006677286         0.369430803463575         0.000000000000000         0.000000000000000         0.000000000000000
        0.261000000000000         0.835694383340619         0.835694383340619         1.073613331980516         0.835694383340619         0.835694383340619         1.073613331980516         0.029004790354608         0.029004790354605         0.368576463448294         0.000000000000000         0.000000000000000         0.000000000000000
        0.262000000000000         0.831840982924353         0.831840982924353         1.067403700313861         0.831840982924353         0.831840982924353         1.067403700313861         0.028639384031843         0.028639384031847         0.367723615605403         0.000000000000000         0.000000000000000         0.000000000000000
        0.263000000000000         0.827879499414874         0.827879499414874         1.061284707847677         0.827879499414874         0.827879499414874         1.061284707847677         0.028284344149036         0.028284344149032         0.366872287304616         0.000000000000000         0.000000000000000         0.000000000000000
        0.264000000000000         0.824060586856401         0.824060586856402         1.055268433456482         0.824060586856401         0.824060586856402         1.055268433456482         0.027939250626359         0.027939250626385         0.366022507775466         0.000000000000000         0.000000000000000         0.000000000000000
        0.265000000000000         0.820324025246166         0.820324025246166         1.049338937849989         0.820324025246166         0.820324025246166         1.049338937849989         0.027603705260323         0.027603705260315         0.365174307869000         0.000000000000000         0.000000000000000         0.000000000000000
        0.266000000000000         0.816661111103490         0.816661111103492         1.043499016409502         0.816661111103490         0.816661111103492         1.043499016409502         0.027277330447488         0.027277330447497         0.364327719852660         0.000000000000000         0.000000000000000         0.000000000000000
        0.267000000000000         0.813065007968044         0.813065007968044         1.037746638291737         0.813065007968044         0.813065007968044         1.037746638291737         0.026959767845021         0.026959767844999         0.363482777212541         0.000000000000000         0.000000000000000         0.000000000000000
        0.268000000000000         0.809477990568769         0.809477990568769         1.032080068396133         0.809477990568769         0.809477990568769         1.032080068396133         0.026650677190608         0.026650677190607         0.362639514477792         0.000000000000000         0.000000000000000         0.000000000000000
        0.269000000000000         0.806031758018186         0.806031758018186         1.026497736029893         0.806031758018186         0.806031758018186         1.026497736029893         0.026349735196434         0.026349735196426         0.361797967057596         0.000000000000000         0.000000000000000         0.000000000000000
        0.270000000000000         0.802576513093086         0.802576513093086         1.020998203591724         0.802576513093086         0.802576513093086         1.020998203591724         0.026056634520977         0.026056634520975         0.360958171092545         0.000000000000000         0.000000000000000         0.000000000000000
        0.271000000000000         0.799296316546955         0.799296316546955         1.015578075007401         0.799296316546955         0.799296316546955         1.015578075007401         0.025771082813993         0.025771082813992         0.360120163317955         0.000000000000000         0.000000000000000         0.000000000000000
        0.272000000000000         0.795984112271097         0.795984112271097         1.010239146166390         0.795984112271097         0.795984112271097         1.010239146166390         0.025492801827429         0.025492801827429         0.359283980939159         0.000000000000000         0.000000000000000         0.000000000000000
        0.273000000000000         0.792798354844270         0.792798354844270         1.004974425155494         0.792798354844270         0.792798354844270         1.004974425155494         0.025221526587855         0.025221526587856         0.358449661515775         0.000000000000000         0.000000000000000         0.000000000000000
        0.274000000000000         0.789625583880280         0.789625583880280         0.999787780187214         0.789625583880280         0.789625583880280         0.999787780187214         0.024957004625788         0.024957004625782         0.357617242857170         0.000000000000000         0.000000000000000         0.000000000000000
        0.275000000000000         0.786523522501337         0.786523522501337         0.994674208843356         0.786523522501337         0.786523522501337         0.994674208843356         0.024698995256242         0.024698995256230         0.356786762924690         0.000000000000000         0.000000000000000         0.000000000000000
        0.276000000000000         0.783438656056267         0.783438656056267         0.989633431439365         0.783438656056267         0.783438656056267         0.989633431439365         0.024447268908870         0.024447268908866         0.355958259743238         0.000000000000000         0.000000000000000         0.000000000000000
        0.277000000000000         0.780435868201018         0.780435868201018         0.984664576586263         0.780435868201018         0.780435868201018         0.984664576586263         0.024201606501384         0.024201606501384         0.355131771319338         0.000000000000000         0.000000000000000         0.000000000000000
        0.278000000000000         0.777468442689941         0.777468442689941         0.979767523922687         0.777468442689941         0.777468442689941         0.979767523922687         0.023961798855066         0.023961798855063         0.354307335565985         0.000000000000000         0.000000000000000         0.000000000000000
        0.279000000000000         0.774552997148330         0.774552997148330         0.974936543616410         0.774552997148330         0.774552997148330         0.974936543616410         0.023727646147844         0.023727646147835         0.353484990234057         0.000000000000000         0.000000000000000         0.000000000000000
        0.280000000000000         0.771693990272628         0.771693990272628         0.970174160804738         0.771693990272628         0.771693990272628         0.970174160804738         0.023498957403187         0.023498957403193         0.352664772848786         0.000000000000000         0.000000000000000         0.000000000000000
        0.281000000000000         0.768930674027884         0.768930674027884         0.965477200071942         0.768930674027884         0.768930674027884         0.965477200071942         0.023275550011388         0.023275550011391         0.351846720651824         0.000000000000000         0.000000000000000         0.000000000000000
        0.282000000000000         0.766110414181369         0.766110414181369         0.960844902452826         0.766110414181369         0.766110414181369         0.960844902452826         0.023057249281205         0.023057249281208         0.351030870548410         0.000000000000000         0.000000000000000         0.000000000000000
        0.283000000000000         0.763389861253176         0.763389861253176         0.956276095263203         0.763389861253176         0.763389861253176         0.956276095263203         0.022843888019890         0.022843888019890         0.350217259058190         0.000000000000000         0.000000000000000         0.000000000000000
        0.284000000000000         0.760720661675045         0.760720661675044         0.951768622515750         0.760720661675044         0.760720661675044         0.951768622515749         0.022635306139113         0.022635306139113         0.349405922271179         0.000000000000000         0.000000000000000         0.000000000000000
        0.285000000000000         0.758088407788430         0.758088407788430         0.947322953509711         0.758088407788430         0.758088407788430         0.947322953509711         0.022431350285637         0.022431350285638         0.348596895806741         0.000000000000000         0.000000000000000         0.000000000000000
        0.286000000000000         0.755500067212790         0.755500067212790         0.942937854749624         0.755500067212790         0.755500067212790         0.942937854749624         0.022231873493630         0.022231873493632         0.347790214776772         0.000000000000000         0.000000000000000         0.000000000000000
        0.287000000000000         0.752964049968887         0.752964049968887         0.938610295949191         0.752964049968887         0.752964049968887         0.938610295949191         0.022036734859517         0.022036734859515         0.346985913751767         0.000000000000000         0.000000000000000         0.000000000000000
        0.288000000000000         0.750505407408986         0.750505407408986         0.934340111895427         0.750505407408986         0.750505407408986         0.934340111895427         0.021845799234608         0.021845799234602         0.346184026730259         0.000000000000000         0.000000000000000         0.000000000000000
        0.289000000000000         0.748034227359689         0.748034227359689         0.930126613136238         0.748034227359689         0.748034227359689         0.930126613136238         0.021658936937543         0.021658936937544         0.345384587110963         0.000000000000000         0.000000000000000         0.000000000000000
        0.290000000000000         0.745646645220220         0.745646645220220         0.925967786025130         0.745646645220220         0.745646645220220         0.925967786025130         0.021476023482887         0.021476023482883         0.344587627667826         0.000000000000000         0.000000000000000         0.000000000000000
        0.291000000000000         0.743254828174741         0.743254828174741         0.921862646263585         0.743254828174741         0.743254828174741         0.921862646263585         0.021296939325335         0.021296939325338         0.343793180527229         0.000000000000000         0.000000000000000         0.000000000000000
        0.292000000000000         0.740908427279881         0.740908427279881         0.917810815489620         0.740908427279881         0.740908427279881         0.917810815489620         0.021121569619889         0.021121569619890         0.343001277148025         0.000000000000000         0.000000000000000         0.000000000000000
        0.293000000000000         0.738571903813933         0.738571903813933         0.913810904622127         0.738571903813933         0.738571903813933         0.913810904622127         0.020949803994322         0.020949803994325         0.342211948303164         0.000000000000000         0.000000000000000         0.000000000000000
        0.294000000000000         0.736359396139796         0.736359396139796         0.909861849453177         0.736359396139796         0.736359396139796         0.909861849453177         0.020781536335631         0.020781536335635         0.341425224064072         0.000000000000000         0.000000000000000         0.000000000000000
        0.295000000000000         0.734117136152454         0.734117136152454         0.905962293384015         0.734117136152454         0.734117136152454         0.905962293384015         0.020616664588346         0.020616664588350         0.340641133786217         0.000000000000000         0.000000000000000         0.000000000000000
        0.296000000000000         0.731928680175027         0.731928680175027         0.902111728255624         0.731928680175027         0.731928680175027         0.902111728255624         0.020455090563714         0.020455090563718         0.339859706097083         0.000000000000000         0.000000000000000         0.000000000000000
        0.297000000000000         0.729782762509550         0.729782762509550         0.898302719916108         0.729782762509549         0.729782762509549         0.898302719916108         0.020296719759871         0.020296719759879         0.339080968885362         0.000000000000000         0.000000000000000         0.000000000000000
        0.298000000000000         0.727670923744852         0.727670923744852         0.894552896718481         0.727670923744852         0.727670923744852         0.894552896718481         0.020141461191758         0.020141461191761         0.338304949292040         0.000000000000000         0.000000000000000         0.000000000000000
        0.299000000000000         0.725582062643857         0.725582062643857         0.890842752621700         0.725582062643857         0.725582062643857         0.890842752621700         0.019989227230312         0.019989227230312         0.337531673702874         0.000000000000000         0.000000000000000         0.000000000000000
        0.300000000000000         0.723536711522793         0.723536711522793         0.887177887036159         0.723536711522793         0.723536711522793         0.887177887036159         0.019839933450248         0.019839933450247         0.336761167742105         0.000000000000000         0.000000000000000         0.000000000000000
