                   T[GeV]                  tauU[fm]                  tauD[fm]                  tauS[fm]               tauUBar[fm]               tauDBar[fm]               tauSBar[fm]                effMU[GeV]                effMD[GeV]                effMS[GeV]               effCPU[GeV]               effCPD[GeV]               effCPS[GeV]
        0.040000000000000        79.166985054031841        79.166985054031912        89.683942917344268        39.892339342287933        39.892339342288004        91.863816709253754         0.352161889130864         0.352161889130864         0.542587566527143         0.318434158842783         0.318434158842783         0.318434158842783
        0.041000000000000        72.397379212643060        72.397379212674863        81.736113555380328        36.150631550455209        36.150631550487610        82.360607282089873         0.350832982327975         0.350832982328072         0.541993314487759         0.318434158842783         0.318434158842783         0.318434158842783
        0.042000000000000        66.350575572756782        66.350575572857494        74.655965636988697        32.825536590693311        32.825536590794719        73.985368831506420         0.349423796920089         0.349423796920436         0.541362836170929         0.318434158842783         0.318434158842783         0.318434158842783
        0.043000000000000        60.932226995520935        60.932226995455004        68.328314184212857        29.862328480090468        29.862328480024850        66.582160642470271         0.347929911190158         0.347929911189901         0.540694198563261         0.318434158842783         0.318434158842783         0.318434158842783
        0.044000000000000        56.062516913651571        56.062516913719335        62.655822350120715        27.210839205445613        27.210839205512226        60.019592094051518         0.346346459372394         0.346346459372692         0.539985302875691         0.318434158842783         0.318434158842783         0.318434158842783
        0.045000000000000        51.673596986286157        51.673596986230152        57.556190661435949        24.837611064687916        24.837611064633538        54.189062932789597         0.344668065237111         0.344668065236832         0.539233862431530         0.318434158842783         0.318434158842783         0.318434158842783
        0.046000000000000        47.707525309377651        47.707525309269094        52.959105222160886        22.701176126846608        22.701176126742517        48.990765731930182         0.342888761386110         0.342888761385502         0.538437375709049         0.318434158842783         0.318434158842783         0.318434158842783
        0.047000000000000        44.114605747804717        44.114605747824960        48.804342802177452        20.774889099364046        20.774889099383206        44.347540004749575         0.341001891050059         0.341001891050187         0.537593093499856         0.318434158842783         0.318434158842783         0.318434158842783
        0.048000000000000        40.852037816380978        40.852037816459536        45.040152406144429        19.033601671240739        19.033601671314106        40.189888940727940         0.338999987673581         0.338999987674137         0.536697978643315         0.318434158842783         0.318434158842783         0.318434158842783
        0.049000000000000        37.882815539994333        37.882815540141500        41.621749272905383        17.455582268654432        17.455582268789993        36.459831048077433         0.336874625719483         0.336874625720651         0.535748656176730         0.318434158842783         0.318434158842783         0.318434158842783
        0.050000000000000        35.174824114500183        35.174824114569141        38.510515625734747        16.022039904826720        16.022039904889340        33.104758296514561         0.334616234039677         0.334616234040290         0.534741351093142         0.318434158842783         0.318434158842783         0.318434158842783
        0.051000000000000        32.700091098191926        32.700091098124823        35.672799978968229        14.716678930435069        14.716678930375025        30.080339481005701         0.332213859618662         0.332213859617993         0.533671809747378         0.318434158842783         0.318434158842783         0.318434158842783
        0.052000000000000        30.434164435062822        30.434164434992105        33.078802044868631        13.525253696430838        13.525253696368523        27.347603038102061         0.329654864737575         0.329654864736785         0.532535199433577         0.318434158842783         0.318434158842783         0.318434158842783
        0.053000000000000        28.355600966463328        28.355600966463285        30.702754381547273        12.435207835937407        12.435207835937371        24.876226345902843         0.326924505129047         0.326924505129047         0.531325967776050         0.318434158842783         0.318434158842783         0.318434158842783
        0.054000000000000        26.445560997354537        26.445560997354512        28.521997559015190        11.435788858221466        11.435788858221439        22.632824174638898         0.324005510431471         0.324005510431471         0.530037709521275         0.318434158842783         0.318434158842783         0.318434158842783
        0.055000000000000        24.687403073468161        24.687403073468442        26.516416697364470        10.516707168986901        10.516707168987136        20.593000168905235         0.320877245455116         0.320877245455120         0.528662885135514         0.318434158842783         0.318434158842783         0.318434158842783
        0.056000000000000        23.066401642141436        23.066401642141408        24.667969919143445         9.669799040957454         9.669799040957432        18.733810176800731         0.317514834534312         0.317514834534311         0.527192540124439         0.318434158842783         0.318434158842783         0.318434158842783
        0.057000000000000        21.569495336946670        21.569495336946943        22.960826079148077         8.887073404150039         8.887073404150259        17.034809667936834         0.313887789224271         0.313887789224277         0.525615859614946         0.318434158842783         0.318434158842783         0.318434158842783
        0.058000000000000        20.185051949079543        20.185051949079860        21.380357080530064         8.161444626695367         8.161444626695619        15.477748072512910         0.309958052750520         0.309958052750527         0.523919538918217         0.318434158842783         0.318434158842783         0.318434158842783
        0.059000000000000        18.902697571025346        18.902697571025382        19.913567974182193         7.486323641510384         7.486323641510411        14.046128698559798         0.305677077781392         0.305677077781392         0.522086848838714         0.318434158842783         0.318434158842783         0.318434158842783
        0.060000000000000        17.713144613149787        17.713144613150050        18.548356905426235         6.855490425622913         6.855490425623112        12.724709296190882         0.300981284637711         0.300981284637719         0.520096192575263         0.318434158842783         0.318434158842783         0.318434158842783
        0.061000000000000        16.608058184492528        16.608058184491686        17.273310480913025         6.262772284957310         6.262772284956689        11.499225053584317         0.295784655046040         0.295784655046013         0.517918768988178         0.318434158842783         0.318434158842783         0.318434158842783
        0.062000000000000        15.579943404190862        15.579943404188469        16.077361656363266         5.701661583752674         5.701661583750955        10.355585339852224         0.289965906447520         0.289965906447432         0.515514556267965         0.318434158842783         0.318434158842783         0.318434158842783
        0.063000000000000        14.622017158286820        14.622017158286869        14.948983541397402         5.164540331506466         5.164540331506504         9.279207413495611         0.283344487375799         0.283344487375801         0.512824855587323         0.318434158842783         0.318434158842783         0.318434158842783
        0.064000000000000        13.728100760052557        13.728100760046704        13.875191684973325         4.640713541252226         4.640713541248262         8.253111539860347         0.275630689319969         0.275630689319676         0.509756931868713         0.318434158842783         0.318434158842783         0.318434158842783
        0.065000000000000        12.892397334998847        12.892397334985478        12.838629090280035         4.110150430585259         4.110150430576470         7.254088975661301         0.266305132411710         0.266305132410909         0.506147281075618         0.318434158842783         0.318434158842783         0.318434158842783
        0.066000000000000        12.108392627338391        12.108392627356636        11.808724416874155         3.508268583721314         3.508268583733135         6.240761078637582         0.254248691576868         0.254248691578240         0.501650174054470         0.318434158842783         0.318434158842783         0.318434158842783
        0.067000000000000        11.357228248339640        11.357228248339871        10.696281891157314         2.432352077461446         2.432352077461606         5.094127975510759         0.235903812151864         0.235903812151888         0.495192928925354         0.318434158842783         0.318434158842783         0.318434158842783
        0.068000000000000        17.583281576708686        17.583281576708686        10.475322059268720         2.074860290576402         2.074860290576402         2.339416435662435         0.149400537229894         0.149400537229894         0.470988843738095         0.318434158842783         0.318434158842783         0.318434158842783
        0.069000000000000        18.720019246467487        18.720019246467373        10.361928697630225         1.924579733253217         1.924579733253702         1.321040823562599         0.128601126168960         0.128601126169198         0.466312667609129         0.318434158842783         0.318434158842783         0.318434158842783
        0.070000000000000        18.510034674353054        18.510034674352230        10.108741445230628         1.778607195361553         1.778607195362950         0.994567587594371         0.118069475698028         0.118069475698877         0.463958831632731         0.318434158842783         0.318434158842783         0.318434158842783
        0.071000000000000        18.077361756832204        18.077361756832172         9.849856724227637         1.650099085651102         1.650099085651144         0.902644265232783         0.110590304805322         0.110590304805353         0.462243475408868         0.318434158842783         0.318434158842783         0.318434158842783
        0.072000000000000        17.577921429796991        17.577921429796984         9.597831710353331         1.528280627243600         1.528280627243609         0.856075538898801         0.104690798034274         0.104690798034282         0.460837984923765         0.318434158842783         0.318434158842783         0.318434158842783
        0.073000000000000        17.057947765635028        17.057947765635021         9.355283067285402         1.390147936466572         1.390147936466574         0.827753576179455         0.099781565460329         0.099781565460331         0.459614694782264         0.318434158842783         0.318434158842783         0.318434158842783
        0.074000000000000        16.502986207535344        16.502986207534917         9.122606131208036         0.966776225722123         0.966776225722203         0.808787879516596         0.095560548454338         0.095560548454687         0.458509788226109         0.318434158842783         0.318434158842783         0.318434158842783
        0.075000000000000        15.970326356006790        15.970326356005573         8.899716320503329         0.805274841896498         0.805274841896588         0.795255932825385         0.091850282365328         0.091850282366341         0.457486623853024         0.318434158842783         0.318434158842783         0.318434158842783
        0.076000000000000        15.462992883904102        15.462992883904917         8.686150010602603         0.732766483799740         0.732766483799709         0.785190794136941         0.088536392463595         0.088536392462892         0.456522078542268         0.318434158842783         0.318434158842783         0.318434158842783
        0.077000000000000        14.977070463933845        14.977070463937833         8.481633975791777         0.689756766350074         0.689756766349980         0.777436827017503         0.085540593845553         0.085540593841955         0.455600661627266         0.318434158842783         0.318434158842783         0.318434158842783
        0.078000000000000        14.511456144066896        14.511456144067195         8.285534783801513         0.661286651470152         0.661286651470147         0.771307969001396         0.082806640345047         0.082806640344761         0.454711477324125         0.318434158842783         0.318434158842783         0.318434158842783
        0.079000000000000        14.065471429905438        14.065471429905118         8.097457947920505         0.641212678505177         0.641212678505181         0.766334882150315         0.080292610841925         0.080292610842248         0.453846580206588         0.318434158842783         0.318434158842783         0.318434158842783
        0.080000000000000        13.638350937426722        13.638350937426056         7.916941956858883         0.626502274637291         0.626502274637299         0.762216159354064         0.077966329889534         0.077966329890251         0.453000009588714         0.318434158842783         0.318434158842783         0.318434158842783
        0.081000000000000        13.229334187547234        13.229334187547082         7.743597739389702         0.615397223077003         0.615397223077005         0.758723543656072         0.075802500577528         0.075802500577702         0.452167191195226         0.318434158842783         0.318434158842783         0.318434158842783
        0.082000000000000        12.837620617607818        12.837620617607078         7.576981621270640         0.606799823033401         0.606799823033410         0.755723122535700         0.073780830501534         0.073780830502446         0.451344549866896         0.318434158842783         0.318434158842783         0.318434158842783
        0.083000000000000        12.462442761722462        12.462442761722960         7.416723326722862         0.600039043946540         0.600039043946533         0.753073317333725         0.071884762199466         0.071884762198808         0.450529249595314         0.318434158842783         0.318434158842783         0.318434158842783
        0.084000000000000        12.103018249705741        12.103018249706132         7.262430574392816         0.594593411392552         0.594593411392546         0.750687859877407         0.070100586845021         0.070100586844472         0.449719013602502         0.318434158842783         0.318434158842783         0.318434158842783
        0.085000000000000        11.758594554851538        11.758594554851946         7.113711449616239         0.590097626194061         0.590097626194053         0.748519369137056         0.068416809296046         0.068416809295422         0.448911996497026         0.318434158842783         0.318434158842783         0.318434158842783
        0.086000000000000        11.428459169495342        11.428459169495161         6.970157140917069         0.586284281727431         0.586284281727435         0.746503980061792         0.066823682997247         0.066823682997544         0.448106691347639         0.318434158842783         0.318434158842783         0.318434158842783
        0.087000000000000        11.111911110556203        11.111911110556102         6.831304883732381         0.582886664924671         0.582886664924674         0.744609556905092         0.065312862587211         0.065312862587391         0.447301860771168         0.318434158842783         0.318434158842783         0.318434158842783
        0.088000000000000        10.808323050759302        10.808323050759078         6.696559583933521         0.579711838086826         0.579711838086833         0.742800063181840         0.063877139922078         0.063877139922501         0.446496484918140         0.318434158842783         0.318434158842783         0.318434158842783
        0.089000000000000        10.517034073190361        10.517034073190356         6.566114737083364         0.576739619719435         0.576739619719435         0.741050617313775         0.062510240394270         0.062510240394288         0.445689721583113         0.318434158842783         0.318434158842783         0.318434158842783
        0.090000000000000        10.237458955738534        10.237458955738685         6.441778545347321         0.574608424871553         0.574608424871547         0.739341303425237         0.061206663629731         0.061206663629400         0.444880875181088         0.318434158842783         0.318434158842783         0.318434158842783
        0.091000000000000         9.969037609933169         9.969037609933107         6.322444415717872         0.572937897861833         0.572937897861835         0.737656441827449         0.059961557306549         0.059961557306693         0.444069372297345         0.318434158842783         0.318434158842783         0.318434158842783
        0.092000000000000         9.711238111757700         9.711238111757780         6.207642650486979         0.571580327463599         0.571580327463595         0.735983710730293         0.058770616139608         0.058770616139409         0.443254742196194         0.318434158842783         0.318434158842783         0.318434158842783
        0.093000000000000         9.463546023840429         9.463546023840495         6.097031921289966         0.570453889142388         0.570453889142384         0.734312168214541         0.057630000158031         0.057630000157858         0.442436601109908         0.318434158842783         0.318434158842783         0.318434158842783
        0.094000000000000         9.225477089966782         9.225477089966818         5.990382903528969         0.569485059249834         0.569485059249832         0.732634504680890         0.056536267775388         0.056536267775281         0.441614639427787         0.318434158842783         0.318434158842783         0.318434158842783
        0.095000000000000         8.996600666492505         8.996600666492535         5.887491424311573         0.568662208257497         0.568662208257495         0.730943921525173         0.055486321793339         0.055486321793251         0.440788611272597         0.318434158842783         0.318434158842783         0.318434158842783
        0.096000000000000         8.776447517127915         8.776447517127901         5.788133933148933         0.567907093710107         0.567907093710107         0.729235203962852         0.054477361893640         0.054477361893680         0.439958325607718         0.318434158842783         0.318434158842783         0.318434158842783
        0.097000000000000         8.564640335071667         8.564640335071681         5.692151857103446         0.567232735409444         0.567232735409443         0.727505996284866         0.053506848406877         0.053506848406823         0.439123639128916         0.318434158842783         0.318434158842783         0.318434158842783
        0.098000000000000         8.360781881865263         8.360781881865234         5.599380664225881         0.566602033163654         0.566602033163657         0.725752652756193         0.052572469270640         0.052572469270751         0.438284450038616         0.318434158842783         0.318434158842783         0.318434158842783
        0.099000000000000         8.164508411054632         8.164508411054662         5.509668875672743         0.566001696615525         0.566001696615522         0.723973055439952         0.051672113033699         0.051672113033552         0.437440692854912         0.318434158842783         0.318434158842783         0.318434158842783
        0.100000000000000         7.975475142710974         7.975475142710958         5.422886956632773         0.565416756103406         0.565416756103408         0.722164542200595         0.050803845701618         0.050803845701694         0.436592333961013         0.318434158842783         0.318434158842783         0.318434158842783
        0.101000000000000         7.793345258097110         7.793345258097104         5.338871125048065         0.564835905474794         0.564835905474795         0.720328428096271         0.049965890900228         0.049965890900259         0.435739367775913         0.318434158842783         0.318434158842783         0.318434158842783
        0.102000000000000         7.617814233766389         7.617814233766381         5.257523704284242         0.564250098468156         0.564250098468157         0.718464135509128         0.049156612797085         0.049156612797116         0.434881813439340         0.318434158842783         0.318434158842783         0.318434158842783
        0.103000000000000         7.448586447978977         7.448586447978983         5.178727753876824         0.563652589984107         0.563652589984106         0.716570687254525         0.048374501322265         0.048374501322237         0.434019711923596         0.318434158842783         0.318434158842783         0.318434158842783
        0.104000000000000         7.285381362339112         7.285381362339136         5.102370690281062         0.563037256643093         0.563037256643089         0.714647666338931         0.047618159333369         0.047618159333214         0.433153123504110         0.318434158842783         0.318434158842783         0.318434158842783
        0.105000000000000         7.127925215219919         7.127925215219912         5.028352173528952         0.562389214040138         0.562389214040140         0.712689735916867         0.046886291406546         0.046886291406605         0.432282125530242         0.318434158842783         0.318434158842783         0.318434158842783
        0.106000000000000         6.975985215868529         6.975985215868523         4.956572033377753         0.561729410278552         0.561729410278553         0.710709939417052         0.046177694017060         0.046177694017108         0.431406810451619         0.318434158842783         0.318434158842783         0.318434158842783
        0.107000000000000         6.829305529544989         6.829305529544992         4.886936769109290         0.561034752515266         0.561034752515265         0.708706404544364         0.045491246904439         0.045491246904413         0.430527284061296         0.318434158842783         0.318434158842783         0.318434158842783
        0.108000000000000         6.687659093960269         6.687659093960271         4.819358785680404         0.560303338261180         0.560303338261179         0.706673814948222         0.044825905447980         0.044825905447958         0.429643663924823         0.318434158842783         0.318434158842783         0.318434158842783
        0.109000000000000         6.550835236109410         6.550835236109409         4.753757092906953         0.559539967693033         0.559539967693033         0.704620192225065         0.044180693914723         0.044180693914746         0.428756077969076         0.318434158842783         0.318434158842783         0.318434158842783
        0.110000000000000         6.418628726048806         6.418628726048806         4.690043635849823         0.558746608050170         0.558746608050170         0.702538803751946         0.043554699459557         0.043554699459560         0.427864663209443         0.318434158842783         0.318434158842783         0.318434158842783
        0.111000000000000         6.290839199550597         6.290839199550597         4.628172117203786         0.557906438049676         0.557906438049676         0.700438058424607         0.042947066778878         0.042947066778894         0.426969564597543         0.318434158842783         0.318434158842783         0.318434158842783
        0.112000000000000         6.167284058448102         6.167284058448097         4.568035158649345         0.557035156909006         0.557035156909008         0.698312598158856         0.042356993331350         0.042356993331424         0.426070933973981         0.318434158842783         0.318434158842783         0.318434158842783
        0.113000000000000         6.047785518064360         6.047785518064360         4.509575346484644         0.556127345751164         0.556127345751164         0.696166287642898         0.041783725052572         0.041783725052575         0.425168929113661         0.318434158842783         0.318434158842783         0.318434158842783
        0.114000000000000         5.932179798062133         5.932179798062131         4.452746700664621         0.555183117717873         0.555183117717874         0.693999267995766         0.041226552507019         0.041226552507057         0.424263712853044         0.318434158842783         0.318434158842783         0.318434158842783
        0.115000000000000         5.820294537441845         5.820294537441845         4.397439960104029         0.554202726564167         0.554202726564167         0.691818053002853         0.040684807419169         0.040684807419143         0.423355452289578         0.318434158842783         0.318434158842783         0.318434158842783
        0.116000000000000         5.712002967689984         5.712002967689982         4.343689535824230         0.553186857995701         0.553186857995702         0.689620761430810         0.040157859542429         0.040157859542457         0.422444318047044         0.318434158842783         0.318434158842783         0.318434158842783
        0.117000000000000         5.607133513738701         5.607133513738700         4.291342254043336         0.552136438885086         0.552136438885087         0.687409017326962         0.039645113823783         0.039645113823818         0.421530483597892         0.318434158842783         0.318434158842783         0.318434158842783
        0.118000000000000         5.505556961390561         5.505556961390561         4.240378391268648         0.551052206066737         0.551052206066737         0.685184049432752         0.039146007833663         0.039146007833681         0.420614124639737         0.318434158842783         0.318434158842783         0.318434158842783
        0.119000000000000         5.407148420872290         5.407148420872290         4.190760925503770         0.549938341375295         0.549938341375295         0.682949051563247         0.038660009429245         0.038660009429255         0.419695418518277         0.318434158842783         0.318434158842783         0.318434158842783
        0.120000000000000         5.311770746757734         5.311770746757734         4.142429121419442         0.548786414608872         0.548786414608872         0.680700138075485         0.038186614625594         0.038186614625594         0.418774543695040         0.318434158842783         0.318434158842783         0.318434158842783
        0.121000000000000         5.219310005625811         5.219310005625811         4.095328716799109         0.547606821567155         0.547606821567156         0.678440093462933         0.037725345655778         0.037725345655802         0.417851679254319         0.318434158842783         0.318434158842783         0.318434158842783
        0.122000000000000         5.129654998493414         5.129654998493414         4.049420402295110         0.546402045903198         0.546402045903198         0.676175925336165         0.037275749193999         0.037275749193992         0.416927004447346         0.318434158842783         0.318434158842783         0.318434158842783
        0.123000000000000         5.042698336342109         5.042698336342109         4.004673860496110         0.545171308315995         0.545171308315995         0.673903264635815         0.036837394731860         0.036837394731865         0.416000698270330         0.318434158842783         0.318434158842783         0.318434158842783
        0.124000000000000         4.958314398131208         4.958314398131208         3.961026153839033         0.543898943278863         0.543898943278864         0.671629617866843         0.036409873087763         0.036409873087778         0.415072939074822         0.318434158842783         0.318434158842783         0.318434158842783
        0.125000000000000         4.876435963160638         4.876435963160637         3.918467154788010         0.542610870243804         0.542610870243806         0.669348186887516         0.035992795037454         0.035992795037500         0.414143904206800         0.318434158842783         0.318434158842783         0.318434158842783
        0.126000000000000         4.796946805913451         4.796946805913451         3.876926072169058         0.541297512986495         0.541297512986495         0.667063554112948         0.035585790053980         0.035585790053979         0.413213769673974         0.318434158842783         0.318434158842783         0.318434158842783
        0.127000000000000         4.719769633659557         4.719769633659557         3.836402121446604         0.539962818040354         0.539962818040353         0.664778480038511         0.035188505148067         0.035188505148061         0.412282709839131         0.318434158842783         0.318434158842783         0.318434158842783
        0.128000000000000         4.644806452103650         4.644806452103649         3.796824097533221         0.538606940113470         0.538606940113469         0.662490660727749         0.034800603795888         0.034800603795870         0.411350897137983         0.318434158842783         0.318434158842783         0.318434158842783
        0.129000000000000         4.571978883447152         4.571978883447154         3.758179927277585         0.537229264395725         0.537229264395725         0.660201835232294         0.034421764950177         0.034421764950175         0.410418501819669         0.318434158842783         0.318434158842783         0.318434158842783
        0.130000000000000         4.501213701895788         4.501213701895787         3.720439477355814         0.535836911734134         0.535836911734133         0.657915577809411         0.034051682124685         0.034051682124672         0.409485691710360         0.318434158842783         0.318434158842783         0.318434158842783
        0.131000000000000         4.432426451482957         4.432426451482956         3.683560450635313         0.534425050430080         0.534425050430080         0.655630063316331         0.033690062545635         0.033690062545642         0.408552631996001         0.318434158842783         0.318434158842783         0.318434158842783
        0.132000000000000         4.365537387606120         4.365537387606119         3.647484401114439         0.532996292561667         0.532996292561667         0.653346649796837         0.033336626365317         0.033336626365312         0.407619485026416         0.318434158842783         0.318434158842783         0.318434158842783
        0.133000000000000         4.300497960450553         4.300497960450552         3.612251734212525         0.531552207664993         0.531552207664993         0.651070873455623         0.032991105931989         0.032991105931972         0.406686410137289         0.318434158842783         0.318434158842783         0.318434158842783
        0.134000000000000         4.237240520492179         4.237240520492180         3.577843694515758         0.530090333523071         0.530090333523071         0.648795829071732         0.032653245109765         0.032653245109755         0.405753563489841         0.318434158842783         0.318434158842783         0.318434158842783
        0.135000000000000         4.175686828007453         4.175686828007452         3.544145737609921         0.528623615811371         0.528623615811372         0.646524573196726         0.032322798647510         0.032322798647519         0.404821097928514         0.318434158842783         0.318434158842783         0.318434158842783
        0.136000000000000         4.115780663452657         4.115780663452658         3.511178581951026         0.527142321622952         0.527142321622951         0.644261296083189         0.031999531589386         0.031999531589366         0.403889162853386         0.318434158842783         0.318434158842783         0.318434158842783
        0.137000000000000         4.057464049894138         4.057464049894138         3.478918304489434         0.525653447595034         0.525653447595034         0.641975792565775         0.031683218725647         0.031683218725646         0.402957904109447         0.318434158842783         0.318434158842783         0.318434158842783
        0.138000000000000         4.000691948984497         4.000691948984497         3.447348766214523         0.524157949840306         0.524157949840306         0.639751511901703         0.031373644079863         0.031373644079859         0.402027463889574         0.318434158842783         0.318434158842783         0.318434158842783
        0.139000000000000         3.945399115732927         3.945399115732926         3.416425989617125         0.522654661799375         0.522654661799375         0.637512307153718         0.031070600429381         0.031070600429372         0.401097980651581         0.318434158842783         0.318434158842783         0.318434158842783
        0.140000000000000         3.891542367442423         3.891542367442423         3.386155590242494         0.521147640822993         0.521147640822992         0.635276988217141         0.030773888857279         0.030773888857280         0.400169589048998         0.318434158842783         0.318434158842783         0.318434158842783
        0.141000000000000         3.839048310658852         3.839048310658851         3.356494429423218         0.519617052724001         0.519617052724002         0.633052397059105         0.030483318332025         0.030483318332035         0.399242419873830         0.318434158842783         0.318434158842783         0.318434158842783
        0.142000000000000         3.787910236728674         3.787910236728674         3.327441936950561         0.518100758206737         0.518100758206737         0.630838031603106         0.030198705314395         0.030198705314388         0.398316600011553         0.318434158842783         0.318434158842783         0.318434158842783
        0.143000000000000         3.738041190588912         3.738041190588912         3.298962323738758         0.516560961029092         0.516560961029092         0.628632942417411         0.029919873388054         0.029919873388054         0.397392252407234         0.318434158842783         0.318434158842783         0.318434158842783
        0.144000000000000         3.689435591912937         3.689435591912936         3.271043298531457         0.515035260038538         0.515035260038539         0.626439135620286         0.029646652913107         0.029646652913110         0.396469496042526         0.318434158842783         0.318434158842783         0.318434158842783
        0.145000000000000         3.642020747830501         3.642020747830501         3.243668032774774         0.513493010473564         0.513493010473564         0.624255334564134         0.029378880700274         0.029378880700273         0.395548445922504         0.318434158842783         0.318434158842783         0.318434158842783
        0.146000000000000         3.595787105010928         3.595787105010928         3.216836913227643         0.511960192670512         0.511960192670512         0.622083369683731         0.029116399704595         0.029116399704596         0.394629213071756         0.318434158842783         0.318434158842783         0.318434158842783
        0.147000000000000         3.550677076230919         3.550677076230919         3.190500730196131         0.510427876803970         0.510427876803970         0.619921982628898         0.028859058737279         0.028859058737275         0.393711904539975         0.318434158842783         0.318434158842783         0.318434158842783
        0.148000000000000         3.506636743187094         3.506636743187094         3.164658316876465         0.508875868651040         0.508875868651040         0.617773049530141         0.028606712193739         0.028606712193743         0.392796623415366         0.318434158842783         0.318434158842783         0.318434158842783
        0.149000000000000         3.463675584712728         3.463675584712728         3.139297444131336         0.507348081676944         0.507348081676945         0.615636927603838         0.028359219786932         0.028359219786929         0.391883468845067         0.318434158842783         0.318434158842783         0.318434158842783
        0.150000000000000         3.421736526461989         3.421736526461988         3.114399035898872         0.505823492047219         0.505823492047219         0.613512505251319         0.028116446350360         0.028116446350348         0.390972536066393         0.318434158842783         0.318434158842783         0.318434158842783
        0.151000000000000         3.380788970255805         3.380788970255805         3.089952717277800         0.504303773539663         0.504303773539663         0.611401401374570         0.027878261552217         0.027878261552213         0.390063916438656         0.318434158842783         0.318434158842783         0.318434158842783
        0.152000000000000         3.340798976389447         3.340798976389447         3.065946302800769         0.502788619092371         0.502788619092371         0.609302511690498         0.027644539684522         0.027644539684519         0.389157697485202         0.318434158842783         0.318434158842783         0.318434158842783
        0.153000000000000         3.301734323630997         3.301734323630996         3.042356623807637         0.501273456542289         0.501273456542290         0.607218704610982         0.027415159510150         0.027415159510159         0.388253962942695         0.318434158842783         0.318434158842783         0.318434158842783
        0.154000000000000         3.263566942533901         3.263566942533900         3.019181872510423         0.499762771238345         0.499762771238345         0.605147583032570         0.027190004028291         0.027190004028285         0.387352792811710         0.318434158842783         0.318434158842783         0.318434158842783
        0.155000000000000         3.226343535082449         3.226343535082449         2.996404729494896         0.498326578149282         0.498326578149282         0.603090753835164         0.026968960302330         0.026968960302327         0.386454263413985         0.318434158842783         0.318434158842783         0.318434158842783
        0.156000000000000         3.189912029241501         3.189912029241501         2.974035848724823         0.496853596377207         0.496853596377207         0.601047208927272         0.026751919286735         0.026751919286739         0.385558447454003         0.318434158842783         0.318434158842783         0.318434158842783
        0.157000000000000         3.154242342918992         3.154242342918991         2.952004196954382         0.495320353100158         0.495320353100158         0.599017633794085         0.026538775663418         0.026538775663407         0.384665414084526         0.318434158842783         0.318434158842783         0.318434158842783
        0.158000000000000         3.119418328823377         3.119418328823377         2.930349743721482         0.493849245290906         0.493849245290906         0.597001781431146         0.026329427685989         0.026329427685997         0.383775228974882         0.318434158842783         0.318434158842783         0.318434158842783
        0.159000000000000         3.085241084494389         3.085241084494389         2.909066606665398         0.492273536774723         0.492273536774723         0.595000713807438         0.026123777032292         0.026123777032289         0.382887954383353         0.318434158842783         0.318434158842783         0.318434158842783
        0.160000000000000         3.051921685851407         3.051921685851407         2.888115541156496         0.490807893668488         0.490807893668488         0.593014065826693         0.025921728663851         0.025921728663863         0.382003649231523         0.318434158842783         0.318434158842783         0.318434158842783
        0.161000000000000         3.019332389607499         3.019332389607499         2.867505319564423         0.489356676065024         0.489356676065024         0.591041776199484         0.025723190692960         0.025723190692959         0.381122369181159         0.318434158842783         0.318434158842783         0.318434158842783
        0.162000000000000         2.987443157293101         2.987443157293100         2.847223907030915         0.487910346327283         0.487910346327283         0.589078933843523         0.025528074255630         0.025528074255623         0.380244166713442         0.318434158842783         0.318434158842783         0.318434158842783
        0.163000000000000         2.956375471856451         2.956375471856451         2.827253118103298         0.486597855995004         0.486597855995004         0.587136019838239         0.025336293391175         0.025336293391164         0.379369091209357         0.318434158842783         0.318434158842783         0.318434158842783
        0.164000000000000         2.925807266347436         2.925807266347436         2.807595037219742         0.485147043999646         0.485147043999646         0.585206515893883         0.025147764927282         0.025147764927294         0.378497189031992         0.318434158842783         0.318434158842783         0.318434158842783
        0.165000000000000         2.895960344960639         2.895960344960640         2.788233213533827         0.483775084042207         0.483775084042207         0.583298090866386         0.024962408370713         0.024962408370722         0.377628503609290         0.318434158842783         0.318434158842783         0.318434158842783
        0.166000000000000         2.866642151571719         2.866642151571719         2.769161821036040         0.482328840932329         0.482328840932329         0.581398761159334         0.024780145803171         0.024780145803169         0.376763075518377         0.318434158842783         0.318434158842783         0.318434158842783
        0.167000000000000         2.837977332019713         2.837977332019713         2.750377430325246         0.480932742175453         0.480932742175453         0.579514028757495         0.024600901781694         0.024600901781694         0.375900942569717         0.318434158842783         0.318434158842783         0.318434158842783
        0.168000000000000         2.809886802108435         2.809886802108435         2.731856473161709         0.479536767774947         0.479536767774947         0.577643920605608         0.024424603244103         0.024424603244099         0.375042139892241         0.318434158842783         0.318434158842783         0.318434158842783
        0.169000000000000         2.782401858098353         2.782401858098353         2.713612495648666         0.478177234986486         0.478177234986486         0.575788415568392         0.024251179418329         0.024251179418324         0.374186700017729         0.318434158842783         0.318434158842783         0.318434158842783
        0.170000000000000         2.755416769532153         2.755416769532153         2.695632248450765         0.476778285397393         0.476778285397393         0.573947402850887         0.024080561736210         0.024080561736214         0.373334652966188         0.318434158842783         0.318434158842783         0.318434158842783
        0.171000000000000         2.729065606068525         2.729065606068525         2.677907512487701         0.475469194009209         0.475469194009209         0.572120863809131         0.023912683750807         0.023912683750807         0.372486026329740         0.318434158842783         0.318434158842783         0.318434158842783
        0.172000000000000         2.703185938074605         2.703185938074605         2.660431405651362         0.474123920507737         0.474123920507737         0.570308981475486         0.023747481057517         0.023747481057513         0.371640845356800         0.318434158842783         0.318434158842783         0.318434158842783
        0.173000000000000         2.677855564277132         2.677855564277133         2.643207794079764         0.472818225496190         0.472818225496190         0.568511529513404         0.023584891218817         0.023584891218820         0.370799133035384         0.318434158842783         0.318434158842783         0.318434158842783
        0.174000000000000         2.652945073962120         2.652945073962120         2.626206862012062         0.471458513790342         0.471458513790342         0.566728468798074         0.023424853692005         0.023424853692014         0.369960910175424         0.318434158842783         0.318434158842783         0.318434158842783
        0.175000000000000         2.628521448457889         2.628521448457888         2.609437302896309         0.470116472400116         0.470116472400116         0.564959749431231         0.023267309760160         0.023267309760151         0.369126195490229         0.318434158842783         0.318434158842783         0.318434158842783
        0.176000000000000         2.604646962672930         2.604646962672930         2.592904709588156         0.468845211881239         0.468845211881239         0.563205284811800         0.023112202466088         0.023112202466093         0.368295005677079         0.318434158842783         0.318434158842783         0.318434158842783
        0.177000000000000         2.581209416069703         2.581209416069703         2.576580716157650         0.467568200734192         0.467568200734192         0.561464996142197         0.022959476549079         0.022959476549079         0.367467355496112         0.318434158842783         0.318434158842783         0.318434158842783
        0.178000000000000         2.558200611887197         2.558200611887196         2.560470246688139         0.466289922093226         0.466289922093226         0.559738821238223         0.022809078384221         0.022809078384216         0.366643257848483         0.318434158842783         0.318434158842783         0.318434158842783
        0.179000000000000         2.535648754169206         2.535648754169206         2.544567439221983         0.465040205219923         0.465040205219923         0.558026650238850         0.022660955924338         0.022660955924336         0.365822723852622         0.318434158842783         0.318434158842783         0.318434158842783
        0.180000000000000         2.513529826111261         2.513529826111261         2.528879536556484         0.463806586772597         0.463806586772597         0.556328400835997         0.022515058644291         0.022515058644296         0.365005762919506         0.318434158842783         0.318434158842783         0.318434158842783
        0.181000000000000         2.491814252076977         2.491814252076978         2.513385260963589         0.462578025581930         0.462578025581930         0.554644434978989         0.022371337487573         0.022371337487569         0.364192382825763         0.318434158842783         0.318434158842783         0.318434158842783
        0.182000000000000         2.470519147540730         2.470519147540731         2.498089893247575         0.461374816933615         0.461374816933614         0.552973752962908         0.022229744815048         0.022229744815045         0.363382589785900         0.318434158842783         0.318434158842783         0.318434158842783
        0.183000000000000         2.449575747455467         2.449575747455467         2.482981812680531         0.460151703803206         0.460151703803206         0.551316240000573         0.022090234355803         0.022090234355796         0.362576388522157         0.318434158842783         0.318434158842783         0.318434158842783
        0.184000000000000         2.429060128567516         2.429060128567516         2.468059154362535         0.458976726888443         0.458976726888443         0.549672655155115         0.021952761159963         0.021952761159963         0.361773782333175         0.318434158842783         0.318434158842783         0.318434158842783
        0.185000000000000         2.408917411316343         2.408917411316343         2.453320659480753         0.457813308895175         0.457813308895175         0.548042403408412         0.021817281553340         0.021817281553339         0.360974773160751         0.318434158842783         0.318434158842783         0.318434158842783
        0.186000000000000         2.389109403576426         2.389109403576427         2.438747201182407         0.456638029470626         0.456638029470626         0.546425479213545         0.021683753093950         0.021683753093955         0.360179361654523         0.318434158842783         0.318434158842783         0.318434158842783
        0.187000000000000         2.369619730037296         2.369619730037296         2.424369817319168         0.455449028344565         0.455449028344565         0.544821718214424         0.021552134530212         0.021552134530214         0.359387547235575         0.318434158842783         0.318434158842783         0.318434158842783
        0.188000000000000         2.350568268107324         2.350568268107324         2.410156494129610         0.454342547104579         0.454342547104579         0.543230762095817         0.021422385760703         0.021422385760702         0.358599328157321         0.318434158842783         0.318434158842783         0.318434158842783
        0.189000000000000         2.331751471039947         2.331751471039947         2.396104134633334         0.453167363780823         0.453167363780823         0.541652920520656         0.021294467795624         0.021294467795627         0.357814701565397         0.318434158842783         0.318434158842783         0.318434158842783
        0.190000000000000         2.313404005122936         2.313404005122937         2.382222722750456         0.452113501198351         0.452113501198351         0.540087844659351         0.021168342719621         0.021168342719617         0.357033663555131         0.318434158842783         0.318434158842783         0.318434158842783
        0.191000000000000         2.295261256457033         2.295261256457033         2.368500979030614         0.450982302090465         0.450982302090465         0.538535393619766         0.021043973656081         0.021043973656082         0.356256209227561         0.318434158842783         0.318434158842783         0.318434158842783
        0.192000000000000         2.277446743543778         2.277446743543778         2.354929742753756         0.449874738018909         0.449874738018909         0.536995692931614         0.020921324732802         0.020921324732799         0.355482332743500         0.318434158842783         0.318434158842783         0.318434158842783
        0.193000000000000         2.259936234731290         2.259936234731290         2.341516307567909         0.448776740710360         0.448776740710360         0.535468214720639         0.020800361048941         0.020800361048944         0.354712027375628         0.318434158842783         0.318434158842783         0.318434158842783
        0.194000000000000         2.242800301309162         2.242800301309162         2.328257886758917         0.447747679214845         0.447747679214845         0.533952891737689         0.020681048643231         0.020681048643233         0.353945285559206         0.318434158842783         0.318434158842783         0.318434158842783
        0.195000000000000         2.225910894570208         2.225910894570208         2.315141186462994         0.446697123236194         0.446697123236194         0.532449653943452         0.020563354463345         0.020563354463345         0.353182098940555         0.318434158842783         0.318434158842783         0.318434158842783
        0.196000000000000         2.209303349064801         2.209303349064801         2.302172618652710         0.445655194868234         0.445655194868234         0.530958301851381         0.020447246336440         0.020447246336439         0.352422458424125         0.318434158842783         0.318434158842783         0.318434158842783
        0.197000000000000         2.192988160153046         2.192988160153046         2.289348532350473         0.444635032024599         0.444635032024599         0.529478848409528         0.020332692940799         0.020332692940799         0.351666354217592         0.318434158842783         0.318434158842783         0.318434158842783
        0.198000000000000         2.176912468902661         2.176912468902661         2.276663889408200         0.443602136446443         0.443602136446443         0.528010980001907         0.020219663778487         0.020219663778487         0.350913775875477         0.318434158842783         0.318434158842783         0.318434158842783
        0.199000000000000         2.161143972415049         2.161143972415049         2.264111361960504         0.442613032293980         0.442613032293980         0.526554590398148         0.020108129149024         0.020108129149024         0.350164712340891         0.318434158842783         0.318434158842783         0.318434158842783
        0.200000000000000         2.145623517162722         2.145623517162722         2.251694828812257         0.441626271063695         0.441626271063695         0.525109555510146         0.019998060124039         0.019998060124037         0.349419151985637         0.318434158842783         0.318434158842783         0.318434158842783
        0.201000000000000         2.130411807549991         2.130411807549992         2.239410038457442         0.440691846379784         0.440691846379784         0.523675845373017         0.019889428522799         0.019889428522799         0.348677082648970         0.318434158842783         0.318434158842783         0.318434158842783
        0.202000000000000         2.115405150317143         2.115405150317143         2.227255524255642         0.439736410164555         0.439736410164555         0.522253153657812         0.019782206888705         0.019782206888703         0.347938491674430         0.318434158842783         0.318434158842783         0.318434158842783
        0.203000000000000         2.100605380462788         2.100605380462788         2.215226362810645         0.438766341496668         0.438766341496668         0.520841366486543         0.019676368466516         0.019676368466519         0.347203365945292         0.318434158842783         0.318434158842783         0.318434158842783
        0.204000000000000         2.086133531783041         2.086133531783041         2.203325268183896         0.437873785187129         0.437873785187129         0.519441747526753         0.019571887180522         0.019571887180520         0.346471691918544         0.318434158842783         0.318434158842783         0.318434158842783
        0.205000000000000         2.071827485315322         2.071827485315322         2.191544898697392         0.436943552592226         0.436943552592226         0.518050056683040         0.019468737613371         0.019468737613369         0.345743455657373         0.318434158842783         0.318434158842783         0.318434158842783
        0.206000000000000         2.057760602792514         2.057760602792514         2.179886650575549         0.436033194425578         0.436033194425578         0.516670231833525         0.019366894985749         0.019366894985748         0.345018642862042         0.318434158842783         0.318434158842783         0.318434158842783
        0.207000000000000         2.043929704732650         2.043929704732650         2.168344999880230         0.435144321631796         0.435144321631796         0.515300353044730         0.019266335136722         0.019266335136721         0.344297238899758         0.318434158842783         0.318434158842783         0.318434158842783
        0.208000000000000         2.030260728162715         2.030260728162715         2.156919940249189         0.434226262939124         0.434226262939124         0.513940429501039         0.019167034504799         0.019167034504799         0.343579228832665         0.318434158842783         0.318434158842783         0.318434158842783
        0.209000000000000         2.016834515430680         2.016834515430680         2.145608767098196         0.433341175222714         0.433341175222714         0.512590720302858         0.019068970109626         0.019068970109626         0.342864597445124         0.318434158842783         0.318434158842783         0.318434158842783
        0.210000000000000         2.003630594019449         2.003630594019449         2.134411146543824         0.432476882974797         0.432476882974797         0.511250818134805         0.018972119534365         0.018972119534361         0.342153329269081         0.318434158842783         0.318434158842783         0.318434158842783
        0.211000000000000         1.990660436029519         1.990660436029519         2.123323020621354         0.431645034830351         0.431645034830351         0.509920539660287         0.018876460908638         0.018876460908637         0.341445408608729         0.318434158842783         0.318434158842783         0.318434158842783
        0.212000000000000         1.977873874661227         1.977873874661227         2.112345997369292         0.430811872060062         0.430811872060062         0.508599752097499         0.018781972892120         0.018781972892118         0.340740819563689         0.318434158842783         0.318434158842783         0.318434158842783
        0.213000000000000         1.965226906371497         1.965226906371497         2.101468037231064         0.429951189643197         0.429951189643197         0.507281186529626         0.018688634658623         0.018688634658627         0.340039546051064         0.318434158842783         0.318434158842783         0.318434158842783
        0.214000000000000         1.952843448351026         1.952843448351026         2.090704260053805         0.429152460622252         0.429152460622252         0.505978838499116         0.018596425880830         0.018596425880831         0.339341571826434         0.318434158842783         0.318434158842783         0.318434158842783
        0.215000000000000         1.940672568762633         1.940672568762633         2.080041152151041         0.428378960169868         0.428378960169868         0.504692364317055         0.018505326715432         0.018505326715431         0.338646880503730         0.318434158842783         0.318434158842783         0.318434158842783
        0.216000000000000         1.928623765270536         1.928623765270536         2.069480076940894         0.427573972371774         0.427573972371774         0.503407700669840         0.018415317788862         0.018415317788863         0.337955455574031         0.318434158842783         0.318434158842783         0.318434158842783
        0.217000000000000         1.916813237677825         1.916813237677825         2.059017684003673         0.426820589017398         0.426820589017398         0.502131635934225         0.018326380183501         0.018326380183501         0.337267280423457         0.318434158842783         0.318434158842783         0.318434158842783
        0.218000000000000         1.905101939034811         1.905101939034811         2.048654633178431         0.426023314321937         0.426023314321937         0.500863947331238         0.018238495424296         0.018238495424295         0.336582338349973         0.318434158842783         0.318434158842783         0.318434158842783
        0.219000000000000         1.893658326476426         1.893658326476426         2.038386076797963         0.425302983785646         0.425302983785646         0.499604588040485         0.018151645465915         0.018151645465915         0.335900612579354         0.318434158842783         0.318434158842783         0.318434158842783
        0.220000000000000         1.882326176427644         1.882326176427644         2.028215023554242         0.424551922237195         0.424551922237195         0.498353322338193         0.018065812680257         0.018065812680259         0.335222086280104         0.318434158842783         0.318434158842783         0.318434158842783
        0.221000000000000         1.871163227224746         1.871163227224746         2.018134501850547         0.423813932446408         0.423813932446408         0.497109655544505         0.017980979844426         0.017980979844425         0.334546742577738         0.318434158842783         0.318434158842783         0.318434158842783
        0.222000000000000         1.860121766411603         1.860121766411603         2.008152460565258         0.423056090751915         0.423056090751915         0.495874025046478         0.017897130129095         0.017897130129095         0.333874564568018         0.318434158842783         0.318434158842783         0.318434158842783
        0.223000000000000         1.849318434248424         1.849318434248424         1.998258406237184         0.422362903730678         0.422362903730679         0.494645943200636         0.017814247087249         0.017814247087250         0.333205535329515         0.318434158842783         0.318434158842783         0.318434158842783
        0.224000000000000         1.838622353762177         1.838622353762177         1.988450623867031         0.421646380281246         0.421646380281246         0.493425299803437         0.017732314643321         0.017732314643321         0.332539637935316         0.318434158842783         0.318434158842783         0.318434158842783
        0.225000000000000         1.828087641830972         1.828087641830972         1.978733447886414         0.420944311275879         0.420944311275879         0.492211766655655         0.017651317082644         0.017651317082646         0.331876855464134         0.318434158842783         0.318434158842783         0.318434158842783
        0.226000000000000         1.817765956424624         1.817765956424624         1.969104058419553         0.420294623337315         0.420294623337315         0.491005236729489         0.017571239041334         0.017571239041335         0.331217171010527         0.318434158842783         0.318434158842783         0.318434158842783
        0.227000000000000         1.807493863524723         1.807493863524723         1.959559644114987         0.419587568541405         0.419587568541405         0.489805716955359         0.017492065496386         0.017492065496384         0.330560567694671         0.318434158842783         0.318434158842783         0.318434158842783
        0.228000000000000         1.797402683499181         1.797402683499181         1.950098445687725         0.418914944619077         0.418914944619077         0.488612062476340         0.017413781756209         0.017413781756208         0.329907028671217         0.318434158842783         0.318434158842783         0.318434158842783
        0.229000000000000         1.787587298392143         1.787587298392143         1.940719871564850         0.418341859813533         0.418341859813533         0.487425402504508         0.017336373451399         0.017336373451399         0.329256537137833         0.318434158842783         0.318434158842783         0.318434158842783
        0.230000000000000         1.777735038261363         1.777735038261363         1.931422179912625         0.417658898828793         0.417658898828793         0.486245591028161         0.017259826525832         0.017259826525832         0.328609076342845         0.318434158842783         0.318434158842783         0.318434158842783
        0.231000000000000         1.768089202646669         1.768089202646669         1.922204635763654         0.417032215100331         0.417032215100331         0.485071291285990         0.017184127228046         0.017184127228046         0.327964629592653         0.318434158842783         0.318434158842783         0.318434158842783
        0.232000000000000         1.758555600675897         1.758555600675897         1.913066969567415         0.416399624253204         0.416399624253204         0.483902888498171         0.017109262102898         0.017109262102899         0.327323180258264         0.318434158842783         0.318434158842783         0.318434158842783
        0.233000000000000         1.749241338352890         1.749241338352890         1.904007116310761         0.415834514097289         0.415834514097289         0.482740117038044         0.017035217983495         0.017035217983494         0.326684711781670         0.318434158842783         0.318434158842783         0.318434158842783
        0.234000000000000         1.739973747756604         1.739973747756604         1.895021245830518         0.415223467425428         0.415223467425428         0.481583027983372         0.016961981983365         0.016961981983364         0.326049207681380         0.318434158842783         0.318434158842783         0.318434158842783
        0.235000000000000         1.730846502463704         1.730846502463704         1.886111449370833         0.414630082149473         0.414630082149473         0.480431206266395         0.016889541488911         0.016889541488910         0.325416651557754         0.318434158842783         0.318434158842783         0.318434158842783
        0.236000000000000         1.721810183862485         1.721810183862485         1.877275351463169         0.414023073660743         0.414023073660743         0.479284590286877         0.016817884152062         0.016817884152063         0.324787027097886         0.318434158842783         0.318434158842783         0.318434158842783
        0.237000000000000         1.712978498249865         1.712978498249865         1.868514500922369         0.413478644267550         0.413478644267550         0.478142950621736         0.016746997883198         0.016746997883198         0.324160318079844         0.318434158842783         0.318434158842783         0.318434158842783
        0.238000000000000         1.704273610795393         1.704273610795393         1.859822411710270         0.412948548065031         0.412948548065031         0.477002619551480         0.016676870844263         0.016676870844262         0.323536508376760         0.318434158842783         0.318434158842783         0.318434158842783
        0.239000000000000         1.695581448825377         1.695581448825377         1.851190188541523         0.412353375122162         0.412353375122162         0.475874345962948         0.016607491442111         0.016607491442110         0.322915581960435         0.318434158842783         0.318434158842783         0.318434158842783
        0.240000000000000         1.687082017911956         1.687082017911956         1.842648526019116         0.411822656845442         0.411822656845442         0.474746416284050         0.016538848322077         0.016538848322078         0.322297522904611         0.318434158842783         0.318434158842783         0.318434158842783
        0.241000000000000         1.678679516674245         1.678679516674245         1.834165063744871         0.411286723629207         0.411286723629207         0.473623216580821         0.016470930361713         0.016470930361712         0.321682315387838         0.318434158842783         0.318434158842783         0.318434158842783
        0.242000000000000         1.670342370385913         1.670342370385913         1.825748756809375         0.410728697625144         0.410728697625144         0.472504239739340         0.016403726664735         0.016403726664735         0.321069943696148         0.318434158842783         0.318434158842783         0.318434158842783
        0.243000000000000         1.662264961086781         1.662264961086781         1.817397311361588         0.410276852572639         0.410276852572639         0.471389543479910         0.016337226555172         0.016337226555172         0.320460392225332         0.318434158842783         0.318434158842783         0.318434158842783
        0.244000000000000         1.654184425733616         1.654184425733616         1.809112669851920         0.409760227078899         0.409760227078899         0.470278803441361         0.016271419571669         0.016271419571668         0.319853645482947         0.318434158842783         0.318434158842783         0.318434158842783
        0.245000000000000         1.646199468156988         1.646199468156988         1.800893755391493         0.409244613388416         0.409244613388416         0.469172457495446         0.016206295461986         0.016206295461987         0.319249688090071         0.318434158842783         0.318434158842783         0.318434158842783
        0.246000000000000         1.638357561679967         1.638357561679967         1.792737093367054         0.408762199311346         0.408762199311346         0.468069620404781         0.016141844177653         0.016141844177653         0.318648504782802         0.318434158842783         0.318434158842783         0.318434158842783
        0.247000000000000         1.630615739168318         1.630615739168318         1.784643965014751         0.408286032417925         0.408286032417925         0.466971416888411         0.016078055868795         0.016078055868796         0.318050080413498         0.318434158842783         0.318434158842783         0.318434158842783
        0.248000000000000         1.622998769489392         1.622998769489392         1.776612717513101         0.407833080587162         0.407833080587162         0.465877006446967         0.016014920879106         0.016014920879106         0.317454399951847         0.318434158842783         0.318434158842783         0.318434158842783
        0.249000000000000         1.615446967727142         1.615446967727142         1.768643770217937         0.407365913549419         0.407365913549419         0.464787289837099         0.015952429740982         0.015952429740982         0.316861448485585         0.318434158842783         0.318434158842783         0.318434158842783
        0.250000000000000         1.608022298205066         1.608022298205066         1.760736741070674         0.406925406177798         0.406925406177798         0.463702524532530         0.015890573170806         0.015890573170806         0.316271211221283         0.318434158842783         0.318434158842783         0.318434158842783
        0.251000000000000         1.600641519107398         1.600641519107398         1.752890897662382         0.406459155817628         0.406459155817628         0.462622753107574         0.015829342064361         0.015829342064363         0.315683673484621         0.318434158842783         0.318434158842783         0.318434158842783
        0.252000000000000         1.593388606634278         1.593388606634277         1.745106460843063         0.406021967012058         0.406021967012058         0.461548034253939         0.015768727492386         0.015768727492385         0.315098820720707         0.318434158842783         0.318434158842783         0.318434158842783
        0.253000000000000         1.586252292478791         1.586252292478791         1.737384187651614         0.405607480942175         0.405607480942175         0.460481551289389         0.015708720696262         0.015708720696261         0.314516638494240         0.318434158842783         0.318434158842783         0.318434158842783
        0.254000000000000         1.579185377982220         1.579185377982220         1.729725493930446         0.405185898407887         0.405185898407887         0.459422230268798         0.015649313083838         0.015649313083838         0.313937112489308         0.318434158842783         0.318434158842783         0.318434158842783
        0.255000000000000         1.572208724899727         1.572208724899727         1.722132030383707         0.404772838337243         0.404772838337243         0.458372870833098         0.015590496225367         0.015590496225367         0.313360228509339         0.318434158842783         0.318434158842783         0.318434158842783
        0.256000000000000         1.565313865721694         1.565313865721694         1.714606400479100         0.404362490415946         0.404362490415946         0.457335652080000         0.015532261849564         0.015532261849564         0.312785972476718         0.318434158842783         0.318434158842783         0.318434158842783
        0.257000000000000         1.558542405829268         1.558542405829268         1.707153058075769         0.403982452991744         0.403982452991744         0.456314167175203         0.015474601839780         0.015474601839781         0.312214330432271         0.318434158842783         0.318434158842783         0.318434158842783
        0.258000000000000         1.551829433212303         1.551829433212303         1.699778644013480         0.403592356723892         0.403592356723892         0.455313223433881         0.015417508230295         0.015417508230296         0.311645288534840         0.318434158842783         0.318434158842783         0.318434158842783
        0.259000000000000         1.545203999319780         1.545203999319780         1.692494601212455         0.403211511516074         0.403211511516074         0.454341627064533         0.015360973202711         0.015360973202711         0.311078833060493         0.318434158842783         0.318434158842783         0.318434158842783
        0.260000000000000         1.538659607358556         1.538659607358556         1.685328136086193         0.402836517488452         0.402836517488452         0.453418667028630         0.015304989082443         0.015304989082442         0.310514950401820         0.318434158842783         0.318434158842783         0.318434158842783
        0.261000000000000         1.532213285786932         1.532213285786932         1.678301416363902         0.402478962060331         0.402478962060331         0.452560105744582         0.015249548335332         0.015249548335331         0.309953627067069         0.318434158842783         0.318434158842783         0.318434158842783
        0.262000000000000         1.525836023464167         1.525836023464167         1.671387333449809         0.402121553974010         0.402121553974010         0.451747494457538         0.015194643564332         0.015194643564332         0.309394849679209         0.318434158842783         0.318434158842783         0.318434158842783
        0.263000000000000         1.519546166370295         1.519546166370295         1.664577432904981         0.401776106944590         0.401776106944590         0.450971719765895         0.015140267506315         0.015140267506314         0.308838604974914         0.318434158842783         0.318434158842783         0.318434158842783
        0.264000000000000         1.513331346087628         1.513331346087628         1.657862052866173         0.401435394144818         0.401435394144818         0.450229556356730         0.015086413028938         0.015086413028939         0.308284879803523         0.318434158842783         0.318434158842783         0.318434158842783
        0.265000000000000         1.507193687522153         1.507193687522153         1.651233361829404         0.401102004993828         0.401102004993828         0.449512828461005         0.015033073127631         0.015033073127631         0.307733661125843         0.318434158842783         0.318434158842783         0.318434158842783
        0.266000000000000         1.501131224275630         1.501131224275630         1.644691731368700         0.400774855067654         0.400774855067654         0.448822933950517         0.014980240922644         0.014980240922644         0.307184936013015         0.318434158842783         0.318434158842783         0.318434158842783
        0.267000000000000         1.495144280888367         1.495144280888367         1.638233465122692         0.400455274078860         0.400455274078860         0.448157088608693         0.014927909656190         0.014927909656190         0.306638691645237         0.318434158842783         0.318434158842783         0.318434158842783
        0.268000000000000         1.489229440538424         1.489229440538424         1.631855001701541         0.400141742819963         0.400141742819963         0.447512874239981         0.014876072689668         0.014876072689669         0.306094915310472         0.318434158842783         0.318434158842783         0.318434158842783
        0.269000000000000         1.483390140346780         1.483390140346780         1.625554840573090         0.399836768087023         0.399836768087023         0.446890284081326         0.014824723500961         0.014824723500961         0.305553594403152         0.318434158842783         0.318434158842783         0.318434158842783
        0.270000000000000         1.477623234965864         1.477623234965865         1.619331656864344         0.399539072030637         0.399539072030637         0.446288124147782         0.014773855681803         0.014773855681803         0.305014716422793         0.318434158842783         0.318434158842783         0.318434158842783
        0.271000000000000         1.471928248512394         1.471928248512394         1.613180782894074         0.399249136448767         0.399249136448767         0.445703608089159         0.014723462935229         0.014723462935229         0.304478268972591         0.318434158842783         0.318434158842783         0.318434158842783
        0.272000000000000         1.466301512966918         1.466301512966918         1.607102938086852         0.398965154731376         0.398965154731376         0.445137232423954         0.014673539073094         0.014673539073094         0.303944239758036         0.318434158842783         0.318434158842783         0.318434158842783
        0.273000000000000         1.460743612951113         1.460743612951113         1.601093987567078         0.398687902135677         0.398687902135677         0.444586181875335         0.014624078013648         0.014624078013648         0.303412616585441         0.318434158842783         0.318434158842783         0.318434158842783
        0.274000000000000         1.455253507061586         1.455253507061586         1.595158963253653         0.398417608889179         0.398417608889179         0.444054508472385         0.014575073779196         0.014575073779195         0.302883387360527         0.318434158842783         0.318434158842783         0.318434158842783
        0.275000000000000         1.449829844557808         1.449829844557808         1.589289676678114         0.398153865304282         0.398153865304282         0.443536751661636         0.014526520493800         0.014526520493801         0.302356540086877         0.318434158842783         0.318434158842783         0.318434158842783
        0.276000000000000         1.444472805965225         1.444472805965225         1.583490690282885         0.397897173226768         0.397897173226768         0.443035517698171         0.014478412381068         0.014478412381068         0.301832062864516         0.318434158842783         0.318434158842783         0.318434158842783
        0.277000000000000         1.439179585147847         1.439179585147847         1.577755922287249         0.397647083282650         0.397647083282650         0.442547504177703         0.014430743761290         0.014430743761290         0.301309943888389         0.318434158842783         0.318434158842783         0.318434158842783
        0.278000000000000         1.433950830675956         1.433950830675956         1.572081548382771         0.397402615070074         0.397402615070074         0.442074594588139         0.014383509052092         0.014383509052092         0.300790171446889         0.318434158842783         0.318434158842783         0.318434158842783
        0.279000000000000         1.428785043357402         1.428785043357401         1.566478507066531         0.397166038572505         0.397166038572505         0.441615538476370         0.014336702762246         0.014336702762246         0.300272733920305         0.318434158842783         0.318434158842783         0.318434158842783
        0.280000000000000         1.423680822978298         1.423680822978298         1.560935069798949         0.396935036254154         0.396935036254154         0.441169168001064         0.014290319492437         0.014290319492437         0.299757619779356         0.318434158842783         0.318434158842783         0.318434158842783
        0.281000000000000         1.418638999169185         1.418638999169185         1.555453795707097         0.396711115827431         0.396711115827431         0.440735660038964         0.014244353932626         0.014244353932626         0.299244817583692         0.318434158842783         0.318434158842783         0.318434158842783
        0.282000000000000         1.413657684183156         1.413657684183156         1.550033018532472         0.396493722962732         0.396493722962732         0.440314539139381         0.014198800860162         0.014198800860162         0.298734315980380         0.318434158842783         0.318434158842783         0.318434158842783
        0.283000000000000         1.408732219901747         1.408732219901747         1.544672065407375         0.396280481399135         0.396280481399135         0.439905588476801         0.014153655137934         0.014153655137934         0.298226103702419         0.318434158842783         0.318434158842783         0.318434158842783
        0.284000000000000         1.403868215936436         1.403868215936436         1.539370762107361         0.396075080559681         0.396075080559681         0.439508395292985         0.014108911712583         0.014108911712583         0.297720169567283         0.318434158842783         0.318434158842783         0.318434158842783
        0.285000000000000         1.399061794015842         1.399061794015842         1.534126375804468         0.395875400891657         0.395875400891657         0.439122350832148         0.014064565612748         0.014064565612748         0.297216502475424         0.318434158842783         0.318434158842783         0.318434158842783
        0.286000000000000         1.394315306019435         1.394315306019435         1.528940824281145         0.395683978107476         0.395683978107476         0.438747838255972         0.014020611947369         0.014020611947369         0.296715091408812         0.318434158842783         0.318434158842783         0.318434158842783
        0.287000000000000         1.389621929377350         1.389621929377350         1.523813302364916         0.395497026966067         0.395497026966067         0.438384476771755         0.013977045904020         0.013977045904020         0.296215925429507         0.318434158842783         0.318434158842783         0.318434158842783
        0.288000000000000         1.384983766243999         1.384983766243999         1.518740292338538         0.395315676491042         0.395315676491042         0.438031479014220         0.013933862747302         0.013933862747302         0.295718993678209         0.318434158842783         0.318434158842783         0.318434158842783
        0.289000000000000         1.380395172405240         1.380395172405240         1.513722502132397         0.395137201169483         0.395137201169483         0.437688866363864         0.013891057817261         0.013891057817262         0.295224285372858         0.318434158842783         0.318434158842783         0.318434158842783
        0.290000000000000         1.375865035552390         1.375865035552390         1.508758746402917         0.394967470267437         0.394967470267437         0.437356401258424         0.013848626528424         0.013848626528423         0.294731789807240         0.318434158842783         0.318434158842783         0.318434158842783
        0.291000000000000         1.371387960760377         1.371387960760377         1.503848648365969         0.394803452102014         0.394803452102014         0.437033606627185         0.013806564366014         0.013806564366015         0.294241496349559         0.318434158842783         0.318434158842783         0.318434158842783
        0.292000000000000         1.366963487050125         1.366963487050125         1.498992286430895         0.394645267799099         0.394645267799099         0.436720771753658         0.013764866887946         0.013764866887946         0.293753394441136         0.318434158842783         0.318434158842783         0.318434158842783
        0.293000000000000         1.362590642965178         1.362590642965178         1.494187922726317         0.394492950017928         0.394492950017928         0.436417710203885         0.013723529721081         0.013723529721081         0.293267473595045         0.318434158842783         0.318434158842783         0.318434158842783
        0.294000000000000         1.358268632937871         1.358268632937871         1.489435329195148         0.394346088803265         0.394346088803265         0.436123664442213         0.013682548560433         0.013682548560433         0.292783723394776         0.318434158842783         0.318434158842783         0.318434158842783
        0.295000000000000         1.354002774345928         1.354002774345927         1.484733562866856         0.394208405720085         0.394208405720085         0.435838737168067         0.013641919167807         0.013641919167808         0.292302133492961         0.318434158842783         0.318434158842783         0.318434158842783
        0.296000000000000         1.349780710839616         1.349780710839616         1.480082222493686         0.394072785111594         0.394072785111594         0.435562735982787         0.013601637370484         0.013601637370485         0.291822693610061         0.318434158842783         0.318434158842783         0.318434158842783
        0.297000000000000         1.345607533366598         1.345607533366598         1.475480583150550         0.393942656481774         0.393942656481774         0.435295493424998         0.013561699059934         0.013561699059934         0.291345393533157         0.318434158842783         0.318434158842783         0.318434158842783
        0.298000000000000         1.341482569861405         1.341482569861405         1.470927990460644         0.393817960880395         0.393817960880395         0.435036814823926         0.013522100190555         0.013522100190556         0.290870223114669         0.318434158842783         0.318434158842783         0.318434158842783
        0.299000000000000         1.337405234599695         1.337405234599695         1.466423988491021         0.393698660756475         0.393698660756475         0.434786569813926         0.013482836778461         0.013482836778461         0.290397172271190         0.318434158842783         0.318434158842783         0.318434158842783
        0.300000000000000         1.333374677531886         1.333374677531886         1.461967803919082         0.393584711584101         0.393584711584101         0.434544355562504         0.013443904900270         0.013443904900270         0.289926230982257         0.318434158842783         0.318434158842783         0.318434158842783
