                   T[GeV]                  tauU[fm]                  tauD[fm]                  tauS[fm]               tauUBar[fm]               tauDBar[fm]               tauSBar[fm]                effMU[GeV]                effMD[GeV]                effMS[GeV]               effCPU[GeV]               effCPD[GeV]               effCPS[GeV]
        0.040000000000000        79.487449181352176        79.487449181352247        90.677693067042611        40.046169820977191        40.046169820977255        92.843031819840732         0.352161889130864         0.352161889130864         0.542587566527143         0.318434158842783         0.318434158842783         0.318434158842783
        0.041000000000000        72.751568376638943        72.751568376670974        82.791733075839772        36.315972549178909        36.315972549211466        83.369532896764355         0.350832982327975         0.350832982328072         0.541993314487759         0.318434158842783         0.318434158842783         0.318434158842783
        0.042000000000000        66.739205576661888        66.739205576763453        75.771239898772166        33.003476492897391        33.003476492999361        75.018017922881299         0.349423796920089         0.349423796920436         0.541362836170929         0.318434158842783         0.318434158842783         0.318434158842783
        0.043000000000000        61.355783661939761        61.355783661873140        69.500630616153970        30.052285898999855        30.052285898933818        67.633060370989881         0.347929911190158         0.347929911189901         0.540694198563261         0.318434158842783         0.318434158842783         0.318434158842783
        0.044000000000000        56.521263212865193        56.521263212933782        63.882616264376978        27.414817165411726        27.414817165478834        61.083783566197553         0.346346459372394         0.346346459372692         0.539985302875691         0.318434158842783         0.318434158842783         0.318434158842783
        0.045000000000000        52.167572865654364        52.167572865597577        58.834247948563636        25.050123060669602        25.050123060614762        55.259474908281952         0.344668065237111         0.344668065236832         0.539233862431530         0.318434158842783         0.318434158842783         0.318434158842783
        0.046000000000000        48.236562557511185        48.236562557400831        54.285174258616337        22.924209407779010        22.924209407673917        50.066069225327638         0.342888761386110         0.342888761385502         0.538437375709049         0.318434158842783         0.318434158842783         0.318434158842783
        0.047000000000000        44.678339073595190        44.678339073615824        50.175066967327979        21.007627446421072        21.007627446440441        45.423315387438855         0.341001891050059         0.341001891050187         0.537593093499856         0.318434158842783         0.318434158842783         0.318434158842783
        0.048000000000000        41.449914819271996        41.449914819352266        46.451826444946782        19.275043284567616        19.275043284641878        41.262478096800294         0.338999987673581         0.338999987674137         0.536697978643315         0.318434158842783         0.318434158842783         0.318434158842783
        0.049000000000000        38.514118594284959        38.514118594435793        43.070857179098738        17.704736521358452        17.704736521495860        37.524466242469494         0.336874625719483         0.336874625720651         0.535748656176730         0.318434158842783         0.318434158842783         0.318434158842783
        0.050000000000000        35.838679440088356        35.838679440159254        39.993247625257148        16.277904886081163        16.277904886144729        34.158290072816946         0.334616234039677         0.334616234040290         0.534741351093142         0.318434158842783         0.318434158842783         0.318434158842783
        0.051000000000000        33.395485478922993        33.395485478853757        37.185119898993428        14.978122811749730        14.978122811688685        31.120116644669292         0.332213859618662         0.332213859617993         0.533671809747378         0.318434158842783         0.318434158842783         0.318434158842783
        0.052000000000000        31.159976093041006        31.159976092967774        34.617215555163440        13.791158346397996        13.791158346334537        28.370832479407742         0.329654864737575         0.329654864736785         0.532535199433577         0.318434158842783         0.318434158842783         0.318434158842783
        0.053000000000000        29.110599089253689        29.110599089253643        32.263272563903499        12.704398893352526        12.704398893352490        25.877391370565125         0.326924505129047         0.326924505129047         0.531325967776050         0.318434158842783         0.318434158842783         0.318434158842783
        0.054000000000000        27.228432898993045        27.228432898993017        30.100634052200597        11.707058063775076        11.707058063775053        23.610494283256632         0.324005510431471         0.324005510431471         0.530037709521275         0.318434158842783         0.318434158842783         0.318434158842783
        0.055000000000000        25.496769229396325        25.496769229396616        28.109037055321778        10.788795500500040        10.788795500500276        21.544331201047044         0.320877245455116         0.320877245455120         0.528662885135514         0.318434158842783         0.318434158842783         0.318434158842783
        0.056000000000000        23.900850431455339        23.900850431455314        26.270929773112886         9.941421300679837         9.941421300679814        19.656211102532314         0.317514834534312         0.317514834534311         0.527192540124439         0.318434158842783         0.318434158842783         0.318434158842783
        0.057000000000000        22.427586386958197        22.427586386958492        24.570129826299922         9.157191192175215         9.157191192175443        17.925830431086343         0.313887789224271         0.313887789224277         0.525615859614946         0.318434158842783         0.318434158842783         0.318434158842783
        0.058000000000000        21.065351991596202        21.065351991596540        22.992121761074181         8.428100823781291         8.428100823781550        16.334914552921010         0.309958052750520         0.309958052750527         0.523919538918217         0.318434158842783         0.318434158842783         0.318434158842783
        0.059000000000000        19.803804292801090        19.803804292801129        21.523772019450011         7.748352696563457         7.748352696563485        14.867011491515859         0.305677077781392         0.305677077781392         0.522086848838714         0.318434158842783         0.318434158842783         0.318434158842783
        0.060000000000000        18.633727270932269        18.633727270932550        20.152902874646479         7.111349883762912         7.111349883763115        13.506857485330814         0.300981284637711         0.300981284637719         0.520096192575263         0.318434158842783         0.318434158842783         0.318434158842783
        0.061000000000000        17.546910778024820        17.546910778023904        18.867952222606743         6.510787077253416         6.510787077252775        12.240068119170822         0.295784655046040         0.295784655046013         0.517918768988178         0.318434158842783         0.318434158842783         0.318434158842783
        0.062000000000000        16.536062617605481        16.536062617602866        17.657506968924864         5.939944633552686         5.939944633550907        11.052177052279371         0.289965906447520         0.289965906447432         0.515514556267965         0.318434158842783         0.318434158842783         0.318434158842783
        0.063000000000000        15.594743213751441        15.594743213751501        16.509710932470597         5.390850954484820         5.390850954484860         9.928251669381750         0.283344487375799         0.283344487375801         0.512824855587323         0.318434158842783         0.318434158842783         0.318434158842783
        0.064000000000000        14.717356690734606        14.717356690728105        15.410632662441815         4.852167673587646         4.852167673583537         8.850430874211135         0.275630689319969         0.275630689319676         0.509756931868713         0.318434158842783         0.318434158842783         0.318434158842783
        0.065000000000000        13.899216962681598        13.899216962666621        14.341339133900766         4.302378205922661         4.302378205913543         7.793858372048424         0.266305132411710         0.266305132410909         0.506147281075618         0.318434158842783         0.318434158842783         0.318434158842783
        0.066000000000000        13.136236467811131        13.136236467831781        13.267809080280717         3.671283602404644         3.671283602416922         6.713517680060267         0.254248691576868         0.254248691578240         0.501650174054470         0.318434158842783         0.318434158842783         0.318434158842783
        0.067000000000000        12.416247568400189        12.416247568400454        12.088707362850514         2.525056393002273         2.525056393002440         5.478831686889571         0.235903812151864         0.235903812151888         0.495192928925354         0.318434158842783         0.318434158842783         0.318434158842783
        0.068000000000000        20.586841559535923        20.586841559535923        12.146486496008338         2.162067159234618         2.162067159234618         2.476660460575839         0.149400537229894         0.149400537229894         0.470988843738095         0.318434158842783         0.318434158842783         0.318434158842783
        0.069000000000000        22.536007427349563        22.536007427349478        12.153308760610075         2.007803857993576         2.007803857994085         1.386362563911756         0.128601126168960         0.128601126169198         0.466312667609129         0.318434158842783         0.318434158842783         0.318434158842783
        0.070000000000000        22.652123421995846        22.652123421994983        11.956448494005887         1.857066415667835         1.857066415669300         1.040893311191414         0.118069475698028         0.118069475698877         0.463958831632731         0.318434158842783         0.318434158842783         0.318434158842783
        0.071000000000000        22.436364094452056        22.436364094452014        11.742014863235896         1.724374626880020         1.724374626880063         0.945154718145557         0.110590304805322         0.110590304805353         0.462243475408868         0.318434158842783         0.318434158842783         0.318434158842783
        0.072000000000000        22.105231111076769        22.105231111076765        11.529200899291027         1.598173247908544         1.598173247908554         0.897726126150793         0.104690798034274         0.104690798034282         0.460837984923765         0.318434158842783         0.318434158842783         0.318434158842783
        0.073000000000000        21.724652585183431        21.724652585183421        11.322882153612753         1.453408596173972         1.453408596173974         0.869685781665481         0.099781565460329         0.099781565460331         0.459614694782264         0.318434158842783         0.318434158842783         0.318434158842783
        0.074000000000000        21.267015110753647        21.267015110753110        11.124431746865564         0.999953357191643         0.999953357191722         0.851574863589444         0.095560548454338         0.095560548454687         0.458509788226109         0.318434158842783         0.318434158842783         0.318434158842783
        0.075000000000000        20.824318729447768        20.824318729446183        10.934231685726118         0.830536859303395         0.830536859303476         0.839323187962319         0.091850282365328         0.091850282366341         0.457486623853024         0.318434158842783         0.318434158842783         0.318434158842783
        0.076000000000000        20.403012423185892        20.403012423186983        10.752210788458131         0.755776645255035         0.755776645255010         0.830834779559017         0.088536392463595         0.088536392462892         0.456522078542268         0.318434158842783         0.318434158842783         0.318434158842783
        0.077000000000000        19.997689057321402        19.997689057326813        10.578138914980567         0.712156187572036         0.712156187571975         0.824866785046919         0.085540593845553         0.085540593841955         0.455600661627266         0.318434158842783         0.318434158842783         0.318434158842783
        0.078000000000000        19.607577957180844        19.607577957181260        10.411651648120781         0.683849298639855         0.683849298639852         0.820678701924673         0.082806640345047         0.082806640344761         0.454711477324125         0.318434158842783         0.318434158842783         0.318434158842783
        0.079000000000000        19.232499466226123        19.232499466225669        10.252409741712732         0.664391196381763         0.664391196381764         0.817801477167233         0.080292610841925         0.080292610842248         0.453846580206588         0.318434158842783         0.318434158842783         0.318434158842783
        0.080000000000000        18.872120629421207        18.872120629420252        10.100050835792736         0.650602527382243         0.650602527382244         0.815901855657445         0.077966329889534         0.077966329890251         0.453000009588714         0.318434158842783         0.318434158842783         0.318434158842783
        0.081000000000000        18.526047232638241        18.526047232638014         9.954209876273380         0.640644989206994         0.640644989206995         0.814749426992100         0.075802500577528         0.075802500577702         0.452167191195226         0.318434158842783         0.318434158842783         0.318434158842783
        0.082000000000000        18.193761567257784        18.193761567256693         9.814404427887556         0.633372437617463         0.633372437617464         0.814181902403570         0.073780830501534         0.073780830502446         0.451344549866896         0.318434158842783         0.318434158842783         0.318434158842783
        0.083000000000000        17.874812548539186        17.874812548539936         9.680458444744591         0.628087222056815         0.628087222056814         0.814062879508041         0.071884762199466         0.071884762198808         0.450529249595314         0.318434158842783         0.318434158842783         0.318434158842783
        0.084000000000000        17.568635970692057        17.568635970692647         9.551990298656555         0.624245173071351         0.624245173071349         0.814316624849208         0.070100586845021         0.070100586844472         0.449719013602502         0.318434158842783         0.318434158842783         0.318434158842783
        0.085000000000000        17.274626389269731        17.274626389270374         9.428403177531965         0.621465355095115         0.621465355095112         0.814854835262503         0.068416809296046         0.068416809295422         0.448911996497026         0.318434158842783         0.318434158842783         0.318434158842783
        0.086000000000000        16.992274277112852        16.992274277112568         9.309314140315067         0.619468961427035         0.619468961427036         0.815637299117994         0.066823682997247         0.066823682997544         0.448106691347639         0.318434158842783         0.318434158842783         0.318434158842783
        0.087000000000000        16.721021967311373        16.721021967311209         9.194143472163024         0.617974281043415         0.617974281043416         0.816614692970103         0.065312862587211         0.065312862587391         0.447301860771168         0.318434158842783         0.318434158842783         0.318434158842783
        0.088000000000000        16.460421961401277        16.460421961400915         9.082043784795239         0.616779516696731         0.616779516696734         0.817746784824227         0.063877139922078         0.063877139922501         0.446496484918140         0.318434158842783         0.318434158842783         0.318434158842783
        0.089000000000000        16.209890691189766        16.209890691189752         8.973474734784562         0.615858568994599         0.615858568994599         0.819016913153620         0.062510240394270         0.062510240394288         0.445689721583113         0.318434158842783         0.318434158842783         0.318434158842783
        0.090000000000000        15.968985231052956        15.968985231053209         8.871860628828234         0.615898631771022         0.615898631771019         0.820398869511919         0.061206663629731         0.061206663629400         0.444880875181088         0.318434158842783         0.318434158842783         0.318434158842783
        0.091000000000000        15.737252884293238        15.737252884293136         8.775476097802514         0.616498529399984         0.616498529399985         0.821873152858357         0.059961557306549         0.059961557306693         0.444069372297345         0.318434158842783         0.318434158842783         0.318434158842783
        0.092000000000000        15.514264481993655        15.514264481993788         8.683696849149358         0.617504699635967         0.617504699635965         0.823426497850745         0.058770616139608         0.058770616139409         0.443254742196194         0.318434158842783         0.318434158842783         0.318434158842783
        0.093000000000000        15.299604182088219        15.299604182088332         8.596132467381938         0.618830026367346         0.618830026367344         0.825046791963528         0.057630000158031         0.057630000157858         0.442436601109908         0.318434158842783         0.318434158842783         0.318434158842783
        0.094000000000000        15.092857832669880        15.092857832669941         8.512502362236592         0.620400721266133         0.620400721266132         0.826724569115828         0.056536267775388         0.056536267775281         0.441614639427787         0.318434158842783         0.318434158842783         0.318434158842783
        0.095000000000000        14.893730479206582        14.893730479206633         8.432708578240115         0.622193680852364         0.622193680852363         0.828452272717953         0.055486321793339         0.055486321793251         0.440788611272597         0.318434158842783         0.318434158842783         0.318434158842783
        0.096000000000000        14.701769377638717        14.701769377638692         8.356399690825564         0.624141707834843         0.624141707834844         0.830222705140002         0.054477361893640         0.054477361893680         0.439958325607718         0.318434158842783         0.318434158842783         0.318434158842783
        0.097000000000000        14.516712627900494        14.516712627900519         8.283455681971049         0.626249389790744         0.626249389790744         0.832034446064903         0.053506848406877         0.053506848406823         0.439123639128916         0.318434158842783         0.318434158842783         0.318434158842783
        0.098000000000000        14.338221255384029        14.338221255383980         8.213723012444502         0.628478349704958         0.628478349704959         0.833876607894663         0.052572469270640         0.052572469270751         0.438284450038616         0.318434158842783         0.318434158842783         0.318434158842783
        0.099000000000000        14.166004771435134        14.166004771435196         8.147055864196037         0.630814472595886         0.630814472595883         0.835749452500597         0.051672113033699         0.051672113033552         0.437440692854912         0.318434158842783         0.318434158842783         0.318434158842783
        0.100000000000000        13.999778815969917        13.999778815969886         8.083319719898716         0.633241085899425         0.633241085899427         0.837650350355485         0.050803845701618         0.050803845701694         0.436592333961013         0.318434158842783         0.318434158842783         0.318434158842783
        0.101000000000000        13.839277064621227        13.839277064621216         8.022390499148852         0.635745478078706         0.635745478078707         0.839576322235061         0.049965890900228         0.049965890900259         0.435739367775913         0.318434158842783         0.318434158842783         0.318434158842783
        0.102000000000000        13.684243833021933        13.684243833021920         7.964140391997805         0.638317273738414         0.638317273738415         0.841527629831798         0.049156612797085         0.049156612797116         0.434881813439340         0.318434158842783         0.318434158842783         0.318434158842783
        0.103000000000000        13.534447997679719        13.534447997679727         7.908478409018007         0.640947813287711         0.640947813287710         0.843502190135626         0.048374501322265         0.048374501322237         0.434019711923596         0.318434158842783         0.318434158842783         0.318434158842783
        0.104000000000000        13.389662977965493        13.389662977965539         7.855299483006788         0.643630536120176         0.643630536120173         0.845499164309673         0.047618159333369         0.047618159333214         0.433153123504110         0.318434158842783         0.318434158842783         0.318434158842783
        0.105000000000000        13.249639679715640        13.249639679715626         7.804487480549162         0.646346308347847         0.646346308347848         0.847517311056976         0.046886291406546         0.046886291406605         0.432282125530242         0.318434158842783         0.318434158842783         0.318434158842783
        0.106000000000000        13.114245117214418        13.114245117214404         7.755967163105160         0.649121125445140         0.649121125445141         0.849557651243147         0.046177694017060         0.046177694017108         0.431406810451619         0.318434158842783         0.318434158842783         0.318434158842783
        0.107000000000000        12.983234644816502        12.983234644816509         7.709649561071994         0.651924720746419         0.651924720746419         0.851619420775987         0.045491246904439         0.045491246904413         0.430527284061296         0.318434158842783         0.318434158842783         0.318434158842783
        0.108000000000000        12.856423871924438        12.856423871924443         7.665446367173801         0.654754708658998         0.654754708658997         0.853702617557062         0.044825905447980         0.044825905447958         0.429643663924823         0.318434158842783         0.318434158842783         0.318434158842783
        0.109000000000000        12.733658824680544        12.733658824680539         7.623283449151494         0.657615087319043         0.657615087319044         0.855807442287827         0.044180693914723         0.044180693914746         0.428756077969076         0.318434158842783         0.318434158842783         0.318434158842783
        0.110000000000000        12.614779219737208        12.614779219737207         7.583077083477194         0.660508346897365         0.660508346897365         0.857934186926567         0.043554699459557         0.043554699459560         0.427864663209443         0.318434158842783         0.318434158842783         0.318434158842783
        0.111000000000000        12.499586080761929        12.499586080761926         7.544757847247713         0.663410568136979         0.663410568136979         0.860083243375517         0.042947066778878         0.042947066778894         0.426969564597543         0.318434158842783         0.318434158842783         0.318434158842783
        0.112000000000000        12.387973437463801        12.387973437463790         7.508260664782099         0.666342535922372         0.666342535922374         0.862255067759686         0.042356993331350         0.042356993331424         0.426070933973981         0.318434158842783         0.318434158842783         0.318434158842783
        0.113000000000000        12.279789008768464        12.279789008768462         7.473528363272949         0.669295897831242         0.669295897831242         0.864450179507270         0.041783725052572         0.041783725052575         0.425168929113661         0.318434158842783         0.318434158842783         0.318434158842783
        0.114000000000000        12.174891845933956        12.174891845933951         7.440472383342868         0.672266562085641         0.672266562085642         0.866669148049728         0.041226552507019         0.041226552507057         0.424263712853044         0.318434158842783         0.318434158842783         0.318434158842783
        0.115000000000000        12.073149031983508        12.073149031983512         7.409038060974858         0.675256987074257         0.675256987074257         0.868912576000034         0.040684807419169         0.040684807419143         0.423355452289578         0.318434158842783         0.318434158842783         0.318434158842783
        0.116000000000000        11.974474590397433        11.974474590397428         7.379239394059168         0.678264255205373         0.678264255205374         0.871180915655914         0.040157859542429         0.040157859542457         0.422444318047044         0.318434158842783         0.318434158842783         0.318434158842783
        0.117000000000000        11.878711511679922        11.878711511679917         7.350925374690855         0.681288849112386         0.681288849112387         0.873474121032354         0.039645113823783         0.039645113823818         0.421530483597892         0.318434158842783         0.318434158842783         0.318434158842783
        0.118000000000000        11.785762108273957        11.785762108273957         7.324076258715251         0.684329841311238         0.684329841311239         0.875793974063769         0.039146007833663         0.039146007833681         0.420614124639737         0.318434158842783         0.318434158842783         0.318434158842783
        0.119000000000000        11.695535219897129        11.695535219897129         7.298643970028869         0.687392136474369         0.687392136474369         0.878141583891522         0.038660009429245         0.038660009429255         0.419695418518277         0.318434158842783         0.318434158842783         0.318434158842783
        0.120000000000000        11.607894523921864        11.607894523921868         7.274583253318758         0.690461975224932         0.690461975224932         0.880517211697659         0.038186614625594         0.038186614625594         0.418774543695040         0.318434158842783         0.318434158842783         0.318434158842783
        0.121000000000000        11.522628550393199        11.522628550393199         7.251835496642791         0.693494641690208         0.693494641690209         0.882920929717913         0.037725345655778         0.037725345655802         0.417851679254319         0.318434158842783         0.318434158842783         0.318434158842783
        0.122000000000000        11.440071744698930        11.440071744698933         7.230293308826111         0.696663291049836         0.696663291049835         0.885354025725504         0.037275749193999         0.037275749193992         0.416927004447346         0.318434158842783         0.318434158842783         0.318434158842783
        0.123000000000000        11.359724853003366        11.359724853003364         7.210052716589489         0.699789497516324         0.699789497516324         0.887816494933029         0.036837394731860         0.036837394731865         0.416000698270330         0.318434158842783         0.318434158842783         0.318434158842783
        0.124000000000000        11.281632374171162        11.281632374171162         7.191068746722713         0.702921340060961         0.702921340060962         0.890309290484901         0.036409873087763         0.036409873087778         0.415072939074822         0.318434158842783         0.318434158842783         0.318434158842783
        0.125000000000000        11.205712320043897        11.205712320043897         7.173167347833804         0.706080067655545         0.706080067655546         0.892833024119388         0.035992795037454         0.035992795037500         0.414143904206800         0.318434158842783         0.318434158842783         0.318434158842783
        0.126000000000000        11.131882948784853        11.131882948784851         7.156370315833312         0.709253486174235         0.709253486174234         0.895390551213840         0.035585790053980         0.035585790053979         0.413213769673974         0.318434158842783         0.318434158842783         0.318434158842783
        0.127000000000000        11.060085422938384        11.060085422938382         7.140642092182176         0.712446543686155         0.712446543686155         0.897977988594229         0.035188505148067         0.035188505148061         0.412282709839131         0.318434158842783         0.318434158842783         0.318434158842783
        0.128000000000000        10.990247935571858        10.990247935571858         7.125951080362756         0.715658198172251         0.715658198172251         0.900598108178783         0.034800603795888         0.034800603795870         0.411350897137983         0.318434158842783         0.318434158842783         0.318434158842783
        0.129000000000000        10.922291711114413        10.922291711114413         7.112251031528338         0.718885307056832         0.718885307056832         0.903251289354464         0.034421764950177         0.034421764950175         0.410418501819669         0.318434158842783         0.318434158842783         0.318434158842783
        0.130000000000000        10.856181674783922        10.856181674783922         7.099508923977277         0.722138042407354         0.722138042407353         0.905938145147119         0.034051682124685         0.034051682124672         0.409485691710360         0.318434158842783         0.318434158842783         0.318434158842783
        0.131000000000000        10.791829966309473        10.791829966309473         7.087695814760544         0.725406586227442         0.725406586227442         0.908659104101623         0.033690062545635         0.033690062545642         0.408552631996001         0.318434158842783         0.318434158842783         0.318434158842783
        0.132000000000000        10.729173659175707        10.729173659175707         7.076748732956625         0.728694553090237         0.728694553090237         0.911414944677794         0.033336626365317         0.033336626365312         0.407619485026416         0.318434158842783         0.318434158842783         0.318434158842783
        0.133000000000000        10.668182206117729        10.668182206117729         7.066690821705268         0.732002282615819         0.732002282615819         0.914205408153910         0.032991105931989         0.032991105931972         0.406686410137289         0.318434158842783         0.318434158842783         0.318434158842783
        0.134000000000000        10.608771874253618        10.608771874253614         7.057468273529414         0.735323638704539         0.735323638704539         0.917031210663043         0.032653245109765         0.032653245109755         0.405753563489841         0.318434158842783         0.318434158842783         0.318434158842783
        0.135000000000000        10.550951729281572        10.550951729281572         7.049043353233240         0.738680097878233         0.738680097878234         0.919892711841709         0.032322798647510         0.032322798647519         0.404821097928514         0.318434158842783         0.318434158842783         0.318434158842783
        0.136000000000000        10.494631094892979        10.494631094892979         7.041424113704651         0.742052487542730         0.742052487542730         0.922790255510550         0.031999531589386         0.031999531589366         0.403889162853386         0.318434158842783         0.318434158842783         0.318434158842783
        0.137000000000000        10.439748822330669        10.439748822330671         7.034495565866672         0.745449030587285         0.745449030587285         0.925723860259544         0.031683218725647         0.031683218725646         0.402957904109447         0.318434158842783         0.318434158842783         0.318434158842783
        0.138000000000000        10.386291476007646        10.386291476007646         7.028307384603314         0.748871734710760         0.748871734710760         0.928694378739615         0.031373644079863         0.031373644079859         0.402027463889574         0.318434158842783         0.318434158842783         0.318434158842783
        0.139000000000000        10.334221616030975        10.334221616030975         7.022826489239849         0.752320444119566         0.752320444119566         0.931701863484923         0.031070600429381         0.031070600429372         0.401097980651581         0.318434158842783         0.318434158842783         0.318434158842783
        0.140000000000000        10.283478763205515        10.283478763205515         7.017988539249347         0.755796472044823         0.755796472044823         0.934746635980952         0.030773888857279         0.030773888857280         0.400169589048998         0.318434158842783         0.318434158842783         0.318434158842783
        0.141000000000000        10.233941689178408        10.233941689178408         7.013781058208037         0.759273208984942         0.759273208984942         0.937828603054294         0.030483318332025         0.030483318332035         0.399242419873830         0.318434158842783         0.318434158842783         0.318434158842783
        0.142000000000000        10.185742688422760        10.185742688422760         7.010208910771356         0.762799475968539         0.762799475968539         0.940948255449109         0.030198705314395         0.030198705314388         0.398316600011553         0.318434158842783         0.318434158842783         0.318434158842783
        0.143000000000000        10.138692049465865        10.138692049465865         7.007219962746299         0.766332881933634         0.766332881933634         0.944105567356556         0.029919873388054         0.029919873388054         0.397392252407234         0.318434158842783         0.318434158842783         0.318434158842783
        0.144000000000000        10.092847059413391        10.092847059413387         7.004792920648289         0.769901875343470         0.769901875343470         0.947300780417889         0.029646652913107         0.029646652913110         0.396469496042526         0.318434158842783         0.318434158842783         0.318434158842783
        0.145000000000000        10.048106908741344        10.048106908741344         7.002921980121290         0.773484424252383         0.773484424252383         0.950533996264831         0.029378880700274         0.029378880700273         0.395548445922504         0.318434158842783         0.318434158842783         0.318434158842783
        0.146000000000000        10.004456238922245        10.004456238922245         7.001545113924580         0.777093541705474         0.777093541705474         0.953790104510762         0.029116399704595         0.029116399704596         0.394629213071756         0.318434158842783         0.318434158842783         0.318434158842783
        0.147000000000000         9.961935999529175         9.961935999529171         7.000708385569839         0.780738185533123         0.780738185533123         0.957099377702931         0.028859058737279         0.028859058737275         0.393711904539975         0.318434158842783         0.318434158842783         0.318434158842783
        0.148000000000000         9.920584540533461         9.920584540533461         7.000380753963356         0.784442891168053         0.784442891168053         0.960455448945609         0.028606712193739         0.028606712193743         0.392796623415366         0.318434158842783         0.318434158842783         0.318434158842783
        0.149000000000000         9.880086322868587         9.880086322868586         7.000481998537141         0.788127932219617         0.788127932219617         0.963841391737843         0.028359219786932         0.028359219786929         0.391883468845067         0.318434158842783         0.318434158842783         0.318434158842783
        0.150000000000000         9.840691757050138         9.840691757050138         7.001031960668261         0.791871987022601         0.791871987022601         0.967268707263353         0.028116446350360         0.028116446350348         0.390972536066393         0.318434158842783         0.318434158842783         0.318434158842783
        0.151000000000000         9.802275853817756         9.802275853817756         7.002033662088022         0.795650563484286         0.795650563484286         0.970731686911097         0.027878261552217         0.027878261552213         0.390063916438656         0.318434158842783         0.318434158842783         0.318434158842783
        0.152000000000000         9.764804175206098         9.764804175206098         7.003422136695084         0.799459313911595         0.799459313911595         0.974233015005582         0.027644539684522         0.027644539684519         0.389157697485202         0.318434158842783         0.318434158842783         0.318434158842783
        0.153000000000000         9.728234314244521         9.728234314244519         7.005193796555524         0.803293990985116         0.803293990985117         0.977777013963806         0.027415159510150         0.027415159510159         0.388253962942695         0.318434158842783         0.318434158842783         0.318434158842783
        0.154000000000000         9.692570491688747         9.692570491688745         7.007357253072318         0.807160383205674         0.807160383205674         0.981354984113167         0.027190004028291         0.027190004028285         0.387352792811710         0.318434158842783         0.318434158842783         0.318434158842783
        0.155000000000000         9.658161493873473         9.658161493873473         7.009876955001147         0.811164411674677         0.811164411674677         0.984968965316940         0.026968960302330         0.026968960302327         0.386454263413985         0.318434158842783         0.318434158842783         0.318434158842783
        0.156000000000000         9.624192284950121         9.624192284950123         7.012755976857418         0.815086438339257         0.815086438339257         0.988622809952333         0.026751919286735         0.026751919286739         0.385558447454003         0.318434158842783         0.318434158842783         0.318434158842783
        0.157000000000000         9.591117934032622         9.591117934032622         7.015950839168103         0.819052802656416         0.819052802656417         0.992314892139354         0.026538775663418         0.026538775663407         0.384665414084526         0.318434158842783         0.318434158842783         0.318434158842783
        0.158000000000000         9.558913292737689         9.558913292737691         7.019476563115076         0.823067105919182         0.823067105919182         0.996048879325200         0.026329427685989         0.026329427685997         0.383775228974882         0.318434158842783         0.318434158842783         0.318434158842783
        0.159000000000000         9.527423057308070         9.527423057308070         7.023264634183684         0.827099298856543         0.827099298856543         0.999817063652425         0.026123777032292         0.026123777032289         0.382887954383353         0.318434158842783         0.318434158842783         0.318434158842783
        0.160000000000000         9.496328989212742         9.496328989212744         7.027374281591970         0.831058497434136         0.831058497434135         1.003622999432294         0.025921728663851         0.025921728663863         0.382003649231523         0.318434158842783         0.318434158842783         0.318434158842783
        0.161000000000000         9.466422993194472         9.466422993194474         7.031743153790854         0.835169873073051         0.835169873073051         1.007465772415460         0.025723190692960         0.025723190692959         0.381122369181159         0.318434158842783         0.318434158842783         0.318434158842783
        0.162000000000000         9.437243391946021         9.437243391946017         7.036376312416659         0.839311740478359         0.839311740478359         1.011346388910015         0.025528074255630         0.025528074255623         0.380244166713442         0.318434158842783         0.318434158842783         0.318434158842783
        0.163000000000000         9.409500405334585         9.409500405334587         7.041253824857012         0.843678436078525         0.843678436078525         1.015264696911934         0.025336293391175         0.025336293391164         0.379369091209357         0.318434158842783         0.318434158842783         0.318434158842783
        0.164000000000000         9.381757738386401         9.381757738386403         7.046400466608389         0.847887045601948         0.847887045601948         1.019220112622733         0.025147764927282         0.025147764927294         0.378497189031992         0.318434158842783         0.318434158842783         0.318434158842783
        0.165000000000000         9.354835070123521         9.354835070123519         7.051746399552931         0.852168308332172         0.852168308332172         1.023212462903570         0.024962408370713         0.024962408370722         0.377628503609290         0.318434158842783         0.318434158842783         0.318434158842783
        0.166000000000000         9.328326143889623         9.328326143889623         7.057305987983733         0.856415860719305         0.856415860719306         1.027241567470455         0.024780145803171         0.024780145803169         0.376763075518377         0.318434158842783         0.318434158842783         0.318434158842783
        0.167000000000000         9.302628008382701         9.302628008382701         7.063076803903001         0.860738182452829         0.860738182452830         1.031307217147388         0.024600901781694         0.024600901781694         0.375900942569717         0.318434158842783         0.318434158842783         0.318434158842783
        0.168000000000000         9.277596505804761         9.277596505804759         7.069034305322044         0.865101980673528         0.865101980673528         1.035408708434298         0.024424603244103         0.024424603244099         0.375042139892241         0.318434158842783         0.318434158842783         0.318434158842783
        0.169000000000000         9.253380765803877         9.253380765803875         7.075178040654881         0.869549280819749         0.869549280819749         1.039547300808598         0.024251179418329         0.024251179418324         0.374186700017729         0.318434158842783         0.318434158842783         0.318434158842783
        0.170000000000000         9.229842541891703         9.229842541891703         7.081496341222269         0.874047273475199         0.874047273475199         1.043721190662866         0.024080561736210         0.024080561736214         0.373334652966188         0.318434158842783         0.318434158842783         0.318434158842783
        0.171000000000000         9.206656213226575         9.206656213226577         7.087977609825190         0.878516175112257         0.878516175112257         1.047930441262322         0.023912683750807         0.023912683750807         0.372486026329740         0.318434158842783         0.318434158842783         0.318434158842783
        0.172000000000000         9.184137048220139         9.184137048220139         7.094613491508177         0.883040794364690         0.883040794364690         1.052175268752936         0.023747481057517         0.023747481057513         0.371640845356800         0.318434158842783         0.318434158842783         0.318434158842783
        0.173000000000000         9.162333681200684         9.162333681200682         7.101408291290960         0.887634982484382         0.887634982484382         1.056455125812247         0.023584891218817         0.023584891218820         0.370799133035384         0.318434158842783         0.318434158842783         0.318434158842783
        0.174000000000000         9.140945924645399         9.140945924645402         7.108333981435383         0.892227770673085         0.892227770673085         1.060769755993506         0.023424853692005         0.023424853692014         0.369960910175424         0.318434158842783         0.318434158842783         0.318434158842783
        0.175000000000000         9.119935863042786         9.119935863042786         7.115404913142245         0.896810084400758         0.896810084400758         1.065118897641051         0.023267309760160         0.023267309760151         0.369126195490229         0.318434158842783         0.318434158842783         0.318434158842783
        0.176000000000000         9.100008297864482         9.100008297864482         7.122592826272054         0.901566922164596         0.901566922164596         1.069502223228628         0.023112202466088         0.023112202466093         0.368295005677079         0.318434158842783         0.318434158842783         0.318434158842783
        0.177000000000000         9.080367069739070         9.080367069739070         7.129896808393648         0.906297135805315         0.906297135805315         1.073918634394394         0.022959476549079         0.022959476549079         0.367467355496112         0.318434158842783         0.318434158842783         0.318434158842783
        0.178000000000000         9.061423948093351         9.061423948093351         7.137321961036646         0.911106408201584         0.911106408201585         1.078369429728916         0.022809078384221         0.022809078384216         0.366643257848483         0.318434158842783         0.318434158842783         0.318434158842783
        0.179000000000000         9.042924274597439         9.042924274597437         7.144805384917519         0.915932922718533         0.915932922718533         1.082853447826796         0.022660955924338         0.022660955924336         0.365822723852622         0.318434158842783         0.318434158842783         0.318434158842783
        0.180000000000000         9.025008886194430         9.025008886194426         7.152444621185262         0.920823109723858         0.920823109723859         1.087372168238764         0.022515058644291         0.022515058644296         0.365005762919506         0.318434158842783         0.318434158842783         0.318434158842783
        0.181000000000000         9.007464547216674         9.007464547216674         7.160154033997134         0.925715873289427         0.925715873289427         1.091921461710120         0.022371337487573         0.022371337487569         0.364192382825763         0.318434158842783         0.318434158842783         0.318434158842783
        0.182000000000000         8.990430225128698         8.990430225128698         7.167950049536699         0.930651785841515         0.930651785841515         1.096503285268889         0.022229744815048         0.022229744815045         0.363382589785900         0.318434158842783         0.318434158842783         0.318434158842783
        0.183000000000000         8.973670418726833         8.973670418726831         7.175819620875068         0.935575730185649         0.935575730185649         1.101116547244864         0.022090234355803         0.022090234355796         0.362576388522157         0.318434158842783         0.318434158842783         0.318434158842783
        0.184000000000000         8.957922498398142         8.957922498398142         7.183763774075689         0.940672012561130         0.940672012561130         1.105761603724502         0.021952761159963         0.021952761159963         0.361773782333175         0.318434158842783         0.318434158842783         0.318434158842783
        0.185000000000000         8.942609673139440         8.942609673139440         7.191785271327739         0.945798559151926         0.945798559151926         1.110437744295811         0.021817281553340         0.021817281553339         0.360974773160751         0.318434158842783         0.318434158842783         0.318434158842783
        0.186000000000000         8.927550344310648         8.927550344310646         7.199866530536746         0.950914371633618         0.950914371633618         1.115144559124545         0.021683753093950         0.021683753093955         0.360179361654523         0.318434158842783         0.318434158842783         0.318434158842783
        0.187000000000000         8.912733210013089         8.912733210013091         7.208009049630990         0.956018259967149         0.956018259967149         1.119881649855522         0.021552134530212         0.021552134530214         0.359387547235575         0.318434158842783         0.318434158842783         0.318434158842783
        0.188000000000000         8.899133517292515         8.899133517292515         7.216208468685060         0.961351771866489         0.961351771866488         1.124648560208699         0.021422385760703         0.021422385760702         0.358599328157321         0.318434158842783         0.318434158842783         0.318434158842783
        0.189000000000000         8.885108219159697         8.885108219159697         7.224451911056896         0.966514388095597         0.966514388095597         1.129444926938098         0.021294467795624         0.021294467795627         0.357814701565397         0.318434158842783         0.318434158842783         0.318434158842783
        0.190000000000000         8.872516903803755         8.872516903803755         7.232752076519996         0.971961782926302         0.971961782926302         1.134270260841350         0.021168342719621         0.021168342719617         0.357033663555131         0.318434158842783         0.318434158842783         0.318434158842783
        0.191000000000000         8.859594648368622         8.859594648368622         7.241094081393311         0.977264929651384         0.977264929651384         1.139124105472824         0.021043973656081         0.021043973656082         0.356256209227561         0.318434158842783         0.318434158842783         0.318434158842783
        0.192000000000000         8.847185220045716         8.847185220045716         7.249469572668858         0.982633305042787         0.982633305042787         1.144005959128551         0.020921324732802         0.020921324732799         0.355482332743500         0.318434158842783         0.318434158842783         0.318434158842783
        0.193000000000000         8.835180685391437         8.835180685391439         7.257878676577520         0.988040086106817         0.988040086106817         1.148915183180267         0.020800361048941         0.020800361048944         0.354712027375628         0.318434158842783         0.318434158842783         0.318434158842783
        0.194000000000000         8.824163889581598         8.824163889581600         7.266321010192890         0.993629927686921         0.993629927686921         1.153851601984328         0.020681048643231         0.020681048643233         0.353945285559206         0.318434158842783         0.318434158842783         0.318434158842783
        0.195000000000000         8.813119417112656         8.813119417112656         7.274792600292353         0.999157069397362         0.999157069397362         1.158813196801231         0.020563354463345         0.020563354463345         0.353182098940555         0.318434158842783         0.318434158842783         0.318434158842783
        0.196000000000000         8.802481024586656         8.802481024586656         7.283245985357484         1.004723890140369         1.004723890140369         1.163802163739882         0.020447246336440         0.020447246336439         0.352422458424125         0.318434158842783         0.318434158842783         0.318434158842783
        0.197000000000000         8.792357824121577         8.792357824121577         7.291764107332023         1.010367449345146         1.010367449345146         1.168816656677349         0.020332692940799         0.020332692940799         0.351666354217592         0.318434158842783         0.318434158842783         0.318434158842783
        0.198000000000000         8.782624828696386         8.782624828696386         7.300340015757222         1.016059282713397         1.016059282713397         1.173856070036418         0.020219663778487         0.020219663778487         0.350913775875477         0.318434158842783         0.318434158842783         0.318434158842783
        0.199000000000000         8.773379056615557         8.773379056615557         7.308888349788418         1.021814474737657         1.021814474737657         1.178921779202089         0.020108129149024         0.020108129149024         0.350164712340891         0.318434158842783         0.318434158842783         0.318434158842783
        0.200000000000000         8.764765482341069         8.764765482341069         7.317450283266846         1.027674692364626         1.027674692364626         1.184009343039628         0.019998060124039         0.019998060124037         0.349419151985637         0.318434158842783         0.318434158842783         0.318434158842783
        0.201000000000000         8.756461974464498         8.756461974464500         7.326014987103185         1.033563885845012         1.033563885845012         1.189120087356264         0.019889428522799         0.019889428522799         0.348677082648970         0.318434158842783         0.318434158842783         0.318434158842783
        0.202000000000000         8.748293167964501         8.748293167964501         7.334593856470262         1.039439354372669         1.039439354372669         1.194253370578441         0.019782206888705         0.019782206888703         0.347938491674430         0.318434158842783         0.318434158842783         0.318434158842783
        0.203000000000000         8.740325818307365         8.740325818307365         7.343176422212448         1.045322039400091         1.045322039400091         1.199397550585837         0.019676368466516         0.019676368466519         0.347203365945292         0.318434158842783         0.318434158842783         0.318434158842783
        0.204000000000000         8.733501686243866         8.733501686243866         7.351755659367297         1.051436259167115         1.051436259167115         1.204573956810612         0.019571887180522         0.019571887180520         0.346471691918544         0.318434158842783         0.318434158842783         0.318434158842783
        0.205000000000000         8.726500100354267         8.726500100354267         7.360336550209252         1.057462901387970         1.057462901387970         1.209781723518404         0.019468737613371         0.019468737613369         0.345743455657373         0.318434158842783         0.318434158842783         0.318434158842783
        0.206000000000000         8.719632119826027         8.719632119826027         7.368914208701513         1.063484721761485         1.063484721761485         1.215000596954723         0.019366894985749         0.019366894985748         0.345018642862042         0.318434158842783         0.318434158842783         0.318434158842783
        0.207000000000000         8.713978007465027         8.713978007465027         7.377477037664218         1.069760781746658         1.069760781746658         1.220236323637969         0.019266335136722         0.019266335136721         0.344297238899758         0.318434158842783         0.318434158842783         0.318434158842783
        0.208000000000000         8.707899038792434         8.707899038792434         7.386021200066142         1.075897547898463         1.075897547898463         1.225488248533461         0.019167034504799         0.019167034504799         0.343579228832665         0.318434158842783         0.318434158842783         0.318434158842783
        0.209000000000000         8.702336424870859         8.702336424870859         7.394481911302832         1.082106987211911         1.082106987211911         1.230754058366822         0.019068970109626         0.019068970109626         0.342864597445124         0.318434158842783         0.318434158842783         0.318434158842783
        0.210000000000000         8.697266335287058         8.697266335287059         7.403110097007668         1.088427002576799         1.088427002576799         1.236042503312105         0.018972119534365         0.018972119534361         0.342153329269081         0.318434158842783         0.318434158842783         0.318434158842783
        0.211000000000000         8.692568221836392         8.692568221836391         7.411619662319262         1.094787696917910         1.094787696917910         1.241352512887748         0.018876460908638         0.018876460908637         0.341445408608729         0.318434158842783         0.318434158842783         0.318434158842783
        0.212000000000000         8.688227034152785         8.688227034152787         7.420098596138942         1.101203722477892         1.101203722477891         1.246671819850727         0.018781972892120         0.018781972892118         0.340740819563689         0.318434158842783         0.318434158842783         0.318434158842783
        0.213000000000000         8.684549266321950         8.684549266321952         7.428557968455644         1.107747013255090         1.107747013255091         1.252005298264227         0.018688634658623         0.018688634658627         0.340039546051064         0.318434158842783         0.318434158842783         0.318434158842783
        0.214000000000000         8.680313307639214         8.680313307639214         7.436995836885424         1.114126804858307         1.114126804858307         1.257340172617246         0.018596425880830         0.018596425880831         0.339341571826434         0.318434158842783         0.318434158842783         0.318434158842783
        0.215000000000000         8.677301819851634         8.677301819851634         7.445345660109997         1.120760391156658         1.120760391156658         1.262699275228522         0.018505326715432         0.018505326715431         0.338646880503730         0.318434158842783         0.318434158842783         0.318434158842783
        0.216000000000000         8.674231937054515         8.674231937054515         7.453719864052272         1.127359161517908         1.127359161517908         1.268069712732614         0.018415317788862         0.018415317788863         0.337955455574031         0.318434158842783         0.318434158842783         0.318434158842783
        0.217000000000000         8.672122066941569         8.672122066941569         7.462062537085711         1.134161056306797         1.134161056306797         1.273450089998034         0.018326380183501         0.018326380183501         0.337267280423457         0.318434158842783         0.318434158842783         0.318434158842783
        0.218000000000000         8.669613639986542         8.669613639986542         7.470412173469204         1.140849106460318         1.140849106460318         1.278840079075591         0.018238495424296         0.018238495424295         0.336582338349973         0.318434158842783         0.318434158842783         0.318434158842783
        0.219000000000000         8.667662673350955         8.667662673350955         7.478696106625430         1.147630284231025         1.147630284231025         1.284249349427522         0.018151645465915         0.018151645465915         0.335900612579354         0.318434158842783         0.318434158842783         0.318434158842783
        0.220000000000000         8.666159419329892         8.666159419329892         7.486917048151710         1.154499053288528         1.154499053288528         1.289654395886780         0.018065812680257         0.018065812680259         0.335222086280104         0.318434158842783         0.318434158842783         0.318434158842783
        0.221000000000000         8.664980702804094         8.664980702804094         7.495088950854250         1.161422125752482         1.161422125752482         1.295065322720107         0.017980979844426         0.017980979844425         0.334546742577738         0.318434158842783         0.318434158842783         0.318434158842783
        0.222000000000000         8.663698661675225         8.663698661675225         7.503210800029374         1.168296225352809         1.168296225352809         1.300480965021492         0.017897130129095         0.017897130129095         0.333874564568018         0.318434158842783         0.318434158842783         0.318434158842783
        0.223000000000000         8.663438544745601         8.663438544745601         7.511281623942516         1.175394459820708         1.175394459820708         1.305900106014551         0.017814247087249         0.017814247087250         0.333205535329515         0.318434158842783         0.318434158842783         0.318434158842783
        0.224000000000000         8.662694338239453         8.662694338239454         7.519293857753905         1.182353252781619         1.182353252781619         1.311321387717491         0.017732314643321         0.017732314643321         0.332539637935316         0.318434158842783         0.318434158842783         0.318434158842783
        0.225000000000000         8.662919520670631         8.662919520670631         7.527246802838621         1.189526004625558         1.189526004625558         1.316744155815334         0.017651317082644         0.017651317082646         0.331876855464134         0.318434158842783         0.318434158842783         0.318434158842783
        0.226000000000000         8.663367015288195         8.663367015288195         7.535134068481857         1.196731797146844         1.196731797146844         1.322165893321140         0.017571239041334         0.017571239041335         0.331217171010527         0.318434158842783         0.318434158842783         0.318434158842783
        0.227000000000000         8.664221553267385         8.664221553267385         7.542948576512180         1.204017100241824         1.204017100241824         1.327586114509928         0.017492065496386         0.017492065496384         0.330560567694671         0.318434158842783         0.318434158842783         0.318434158842783
        0.228000000000000         8.664867083625547         8.664867083625545         7.550696703558322         1.211231772242455         1.211231772242455         1.333002620767439         0.017413781756209         0.017413781756208         0.329907028671217         0.318434158842783         0.318434158842783         0.318434158842783
        0.229000000000000         8.666585150027283         8.666585150027283         7.558376457591346         1.218688172319188         1.218688172319188         1.338414282882146         0.017336373451399         0.017336373451399         0.329256537137833         0.318434158842783         0.318434158842783         0.318434158842783
        0.230000000000000         8.668074067128968         8.668074067128968         7.565967739666155         1.226072116264229         1.226072116264229         1.343819620276431         0.017259826525832         0.017259826525832         0.328609076342845         0.318434158842783         0.318434158842783         0.318434158842783
        0.231000000000000         8.669796128488192         8.669796128488192         7.573473621522120         1.233495771828955         1.233495771828955         1.349216391256530         0.017184127228046         0.017184127228046         0.327964629592653         0.318434158842783         0.318434158842783         0.318434158842783
        0.232000000000000         8.671899118872830         8.671899118872831         7.580891905748514         1.240996083412529         1.240996083412529         1.354604291702833         0.017109262102898         0.017109262102899         0.327323180258264         0.318434158842783         0.318434158842783         0.318434158842783
        0.233000000000000         8.674803143176652         8.674803143176653         7.588216262434585         1.248676709257607         1.248676709257607         1.359980948096877         0.017035217983495         0.017035217983494         0.326684711781670         0.318434158842783         0.318434158842783         0.318434158842783
        0.234000000000000         8.677496990631688         8.677496990631688         7.595442885114133         1.256290930431899         1.256290930431899         1.365344635882047         0.016961981983365         0.016961981983364         0.326049207681380         0.318434158842783         0.318434158842783         0.318434158842783
        0.235000000000000         8.680326350562323         8.680326350562323         7.602575049602326         1.263922906096188         1.263922906096188         1.370693826743987         0.016889541488911         0.016889541488910         0.325416651557754         0.318434158842783         0.318434158842783         0.318434158842783
        0.236000000000000         8.684430492285555         8.684430492285557         7.609587893115401         1.271855538217278         1.271855538217278         1.376026621946925         0.016817884152062         0.016817884152063         0.324787027097886         0.318434158842783         0.318434158842783         0.318434158842783
        0.237000000000000         8.687811787985613         8.687811787985613         7.616495494695274         1.279597528626386         1.279597528626386         1.381343905962909         0.016746997883198         0.016746997883198         0.324160318079844         0.318434158842783         0.318434158842783         0.318434158842783
        0.238000000000000         8.692185272295731         8.692185272295733         7.623263777671914         1.287572269969455         1.287572269969455         1.386635918070394         0.016676870844263         0.016676870844262         0.323536508376760         0.318434158842783         0.318434158842783         0.318434158842783
        0.239000000000000         8.696078424634214         8.696078424634212         7.629932034343730         1.295414799195910         1.295414799195910         1.391908824080793         0.016607491442111         0.016607491442110         0.322915581960435         0.318434158842783         0.318434158842783         0.318434158842783
        0.240000000000000         8.701196947081632         8.701196947081632         7.636461372479272         1.303549791286866         1.303549791286866         1.397158199373373         0.016538848322077         0.016538848322078         0.322297522904611         0.318434158842783         0.318434158842783         0.318434158842783
        0.241000000000000         8.705455492067083         8.705455492067083         7.642860042784817         1.311461408586289         1.311461408586289         1.402382294934233         0.016470930361713         0.016470930361712         0.321682315387838         0.318434158842783         0.318434158842783         0.318434158842783
        0.242000000000000         8.710479251996757         8.710479251996757         7.649125283771673         1.319551401472657         1.319551401472657         1.407579376487881         0.016403726664735         0.016403726664735         0.321069943696148         0.318434158842783         0.318434158842783         0.318434158842783
        0.243000000000000         8.716216007816517         8.716216007816515         7.655236560741990         1.327810045445605         1.327810045445605         1.412747950581378         0.016337226555172         0.016337226555172         0.320460392225332         0.318434158842783         0.318434158842783         0.318434158842783
        0.244000000000000         8.722123209705732         8.722123209705732         7.661210826992574         1.336100928897496         1.336100928897496         1.417886467588460         0.016271419571669         0.016271419571668         0.319853645482947         0.318434158842783         0.318434158842783         0.318434158842783
        0.245000000000000         8.728011373565614         8.728011373565613         7.667033428839757         1.344378777338404         1.344378777338404         1.422993606139786         0.016206295461986         0.016206295461987         0.319249688090071         0.318434158842783         0.318434158842783         0.318434158842783
        0.246000000000000         8.734117008873444         8.734117008873444         7.672697268514576         1.352704419368742         1.352704419368742         1.428064969317858         0.016141844177653         0.016141844177653         0.318648504782802         0.318434158842783         0.318434158842783         0.318434158842783
        0.247000000000000         8.741007376232027         8.741007376232028         7.678198438972615         1.361216923494134         1.361216923494134         1.433106572173846         0.016078055868795         0.016078055868796         0.318050080413498         0.318434158842783         0.318434158842783         0.318434158842783
        0.248000000000000         8.747839599446730         8.747839599446730         7.683547823045412         1.369709082689908         1.369709082689908         1.438116669211393         0.016014920879106         0.016014920879106         0.317454399951847         0.318434158842783         0.318434158842783         0.318434158842783
        0.249000000000000         8.754911855655523         8.754911855655523         7.688741699394053         1.378255368580076         1.378255368580076         1.443092057600711         0.015952429740982         0.015952429740982         0.316861448485585         0.318434158842783         0.318434158842783         0.318434158842783
        0.250000000000000         8.762542364622810         8.762542364622812         7.693772962914436         1.386934219818970         1.386934219818970         1.448039312378622         0.015890573170806         0.015890573170806         0.316271211221283         0.318434158842783         0.318434158842783         0.318434158842783
        0.251000000000000         8.770077341378807         8.770077341378808         7.698656759152168         1.395584089392077         1.395584089392077         1.452953277349147         0.015829342064361         0.015829342064363         0.315683673484621         0.318434158842783         0.318434158842783         0.318434158842783
        0.252000000000000         8.777924029344952         8.777924029344952         7.703390953282274         1.404308667516140         1.404308667516140         1.457837915900970         0.015768727492386         0.015768727492385         0.315098820720707         0.318434158842783         0.318434158842783         0.318434158842783
        0.253000000000000         8.786315850940834         8.786315850940834         7.708003655386266         1.413166669418768         1.413166669418768         1.462708874617546         0.015708720696262         0.015708720696261         0.314516638494240         0.318434158842783         0.318434158842783         0.318434158842783
        0.254000000000000         8.794664921710487         8.794664921710487         7.712511359423333         1.422008734146251         1.422008734146251         1.467566779865979         0.015649313083838         0.015649313083838         0.313937112489308         0.318434158842783         0.318434158842783         0.318434158842783
        0.255000000000000         8.803596456016280         8.803596456016280         7.716958899148021         1.430998995975665         1.430998995975665         1.472427005923152         0.015590496225367         0.015590496225367         0.313360228509339         0.318434158842783         0.318434158842783         0.318434158842783
        0.256000000000000         8.812499947911689         8.812499947911689         7.721367934005895         1.439975855205702         1.439975855205702         1.477306371152168         0.015532261849564         0.015532261849564         0.312785972476718         0.318434158842783         0.318434158842783         0.318434158842783
        0.257000000000000         8.821949530893809         8.821949530893809         7.725838518179856         1.449089974368123         1.449089974368123         1.482233097806633         0.015474601839780         0.015474601839781         0.312214330432271         0.318434158842783         0.318434158842783         0.318434158842783
        0.258000000000000         8.831563086094377         8.831563086094377         7.730478560940704         1.458244259653551         1.458244259653551         1.487249664155408         0.015417508230295         0.015417508230296         0.311645288534840         0.318434158842783         0.318434158842783         0.318434158842783
        0.259000000000000         8.841401848591325         8.841401848591323         7.735487167516311         1.467454772029333         1.467454772029333         1.492429035256308         0.015360973202711         0.015360973202711         0.311078833060493         0.318434158842783         0.318434158842783         0.318434158842783
        0.260000000000000         8.851477204924228         8.851477204924226         7.741291253782050         1.476725053160119         1.476725053160119         1.497927634324603         0.015304989082443         0.015304989082442         0.310514950401820         0.318434158842783         0.318434158842783         0.318434158842783
        0.261000000000000         8.861895117361760         8.861895117361758         7.748434973947135         1.486082366936349         1.486082366936349         1.503942172766735         0.015249548335332         0.015249548335331         0.309953627067069         0.318434158842783         0.318434158842783         0.318434158842783
        0.262000000000000         8.872529481171824         8.872529481171824         7.756348965172197         1.495495143684120         1.495495143684121         1.510258128655841         0.015194643564332         0.015194643564332         0.309394849679209         0.318434158842783         0.318434158842783         0.318434158842783
        0.263000000000000         8.883510978301061         8.883510978301061         7.764925710663384         1.504997781785113         1.504997781785113         1.516834244432218         0.015140267506315         0.015140267506314         0.308838604974914         0.318434158842783         0.318434158842783         0.318434158842783
        0.264000000000000         8.894698999981065         8.894698999981067         7.774055824705403         1.514554780118796         1.514554780118796         1.523628378756723         0.015086413028938         0.015086413028939         0.308284879803523         0.318434158842783         0.318434158842783         0.318434158842783
        0.265000000000000         8.906077995969932         8.906077995969930         7.783673176668021         1.524162472070655         1.524162472070655         1.530614350072049         0.015033073127631         0.015033073127631         0.307733661125843         0.318434158842783         0.318434158842783         0.318434158842783
        0.266000000000000         8.917746528382605         8.917746528382605         7.793738261925669         1.533846737683572         1.533846737683572         1.537776396729872         0.014980240922644         0.014980240922644         0.307184936013015         0.318434158842783         0.318434158842783         0.318434158842783
        0.267000000000000         8.929662578937432         8.929662578937432         7.804217631112571         1.543597383752809         1.543597383752809         1.545101445777277         0.014927909656190         0.014927909656190         0.306638691645237         0.318434158842783         0.318434158842783         0.318434158842783
        0.268000000000000         8.941836119275743         8.941836119275743         7.815091373415515         1.553417530281485         1.553417530281484         1.552581327737404         0.014876072689668         0.014876072689669         0.306094915310472         0.318434158842783         0.318434158842783         0.318434158842783
        0.269000000000000         8.954263911534388         8.954263911534387         7.826330188919736         1.563307886376847         1.563307886376848         1.560203974006718         0.014824723500961         0.014824723500961         0.305553594403152         0.318434158842783         0.318434158842783         0.318434158842783
        0.270000000000000         8.966947364605677         8.966947364605677         7.837906416783742         1.573266793690547         1.573266793690547         1.567961504399059         0.014773855681803         0.014773855681803         0.305014716422793         0.318434158842783         0.318434158842783         0.318434158842783
        0.271000000000000         8.979882481120521         8.979882481120521         7.849831510453293         1.583296136810236         1.583296136810236         1.575854375382937         0.014723462935229         0.014723462935229         0.304478268972591         0.318434158842783         0.318434158842783         0.318434158842783
        0.272000000000000         8.993065084331443         8.993065084331441         7.862081651699563         1.593394634104308         1.593394634104308         1.583874640847665         0.014673539073094         0.014673539073094         0.303944239758036         0.318434158842783         0.318434158842783         0.318434158842783
        0.273000000000000         9.006489560082260         9.006489560082262         7.874653411769162         1.603561258622491         1.603561258622491         1.592020312518050         0.014624078013648         0.014624078013648         0.303412616585441         0.318434158842783         0.318434158842783         0.318434158842783
        0.274000000000000         9.020188564259009         9.020188564259009         7.887523807405875         1.613805205005394         1.613805205005394         1.600283020766163         0.014575073779196         0.014575073779195         0.302883387360527         0.318434158842783         0.318434158842783         0.318434158842783
        0.275000000000000         9.034129440224563         9.034129440224563         7.900694408089071         1.624119462911186         1.624119462911186         1.608661950836169         0.014526520493800         0.014526520493801         0.302356540086877         0.318434158842783         0.318434158842783         0.318434158842783
        0.276000000000000         9.048302879144847         9.048302879144847         7.914150518181575         1.634499486459085         1.634499486459085         1.617152071566676         0.014478412381068         0.014478412381068         0.301832062864516         0.318434158842783         0.318434158842783         0.318434158842783
        0.277000000000000         9.062749781635207         9.062749781635207         7.927893494642371         1.644957919100567         1.644957919100567         1.625757279630773         0.014430743761290         0.014430743761290         0.301309943888389         0.318434158842783         0.318434158842783         0.318434158842783
        0.278000000000000         9.077427354231149         9.077427354231149         7.941916308325921         1.655484798461272         1.655484798461272         1.634469326029321         0.014383509052092         0.014383509052092         0.300790171446889         0.318434158842783         0.318434158842783         0.318434158842783
        0.279000000000000         9.092347528138093         9.092347528138093         7.956209229679128         1.666083606302686         1.666083606302686         1.643287802852790         0.014336702762246         0.014336702762246         0.300272733920305         0.318434158842783         0.318434158842783         0.318434158842783
        0.280000000000000         9.107509971213195         9.107509971213197         7.970771635550538         1.676754294347093         1.676754294347093         1.652211188204634         0.014290319492437         0.014290319492437         0.299757619779356         0.318434158842783         0.318434158842783         0.318434158842783
        0.281000000000000         9.122924976618693         9.122924976618693         7.985601765241585         1.687499709490965         1.687499709490965         1.661237755461969         0.014244353932626         0.014244353932626         0.299244817583692         0.318434158842783         0.318434158842783         0.318434158842783
        0.282000000000000         9.138607267735722         9.138607267735722         8.000695856560844         1.698324336355376         1.698324336355376         1.670366127521602         0.014198800860162         0.014198800860162         0.298734315980380         0.318434158842783         0.318434158842783         0.318434158842783
        0.283000000000000         9.154507349704904         9.154507349704904         8.016036004497824         1.709217103791243         1.709217103791243         1.679595862425319         0.014153655137934         0.014153655137934         0.298226103702419         0.318434158842783         0.318434158842783         0.318434158842783
        0.284000000000000         9.170662895174759         9.170662895174761         8.031633549666466         1.720187177834043         1.720187177834043         1.688923341452878         0.014108911712583         0.014108911712583         0.297720169567283         0.318434158842783         0.318434158842783         0.318434158842783
        0.285000000000000         9.187050963526882         9.187050963526884         8.047483145592746         1.731229690200594         1.731229690200594         1.698348603807946         0.014064565612748         0.014064565612748         0.297216502475424         0.318434158842783         0.318434158842783         0.318434158842783
        0.286000000000000         9.203652254453527         9.203652254453527         8.063580343184173         1.742338961372488         1.742338961372489         1.707871828579203         0.014020611947369         0.014020611947369         0.296715091408812         0.318434158842783         0.318434158842783         0.318434158842783
        0.287000000000000         9.220511730523087         9.220511730523087         8.079923480781236         1.753527898010932         1.753527898010932         1.717491123930683         0.013977045904020         0.013977045904020         0.296215925429507         0.318434158842783         0.318434158842783         0.318434158842783
        0.288000000000000         9.237644045584636         9.237644045584636         8.096508985596742         1.764801250405128         1.764801250405128         1.727205830880137         0.013933862747302         0.013933862747302         0.295718993678209         0.318434158842783         0.318434158842783         0.318434158842783
        0.289000000000000         9.254984791874078         9.254984791874076         8.113336729168864         1.776141772368796         1.776141772368797         1.737015197264868         0.013891057817261         0.013891057817262         0.295224285372858         0.318434158842783         0.318434158842783         0.318434158842783
        0.290000000000000         9.272556506460376         9.272556506460376         8.130402311590318         1.787556353157162         1.787556353157162         1.746918464099866         0.013848626528424         0.013848626528423         0.294731789807240         0.318434158842783         0.318434158842783         0.318434158842783
        0.291000000000000         9.290354003478107         9.290354003478107         8.147704808874776         1.799043949836470         1.799043949836471         1.756915117441185         0.013806564366014         0.013806564366015         0.294241496349559         0.318434158842783         0.318434158842783         0.318434158842783
        0.292000000000000         9.308458565006172         9.308458565006170         8.165241940582138         1.810627044863527         1.810627044863527         1.767003986681674         0.013764866887946         0.013764866887946         0.293753394441136         0.318434158842783         0.318434158842783         0.318434158842783
        0.293000000000000         9.326711847258126         9.326711847258126         8.183013025456985         1.822263237848029         1.822263237848029         1.777185723691453         0.013723529721081         0.013723529721081         0.293267473595045         0.318434158842783         0.318434158842783         0.318434158842783
        0.294000000000000         9.345233554045205         9.345233554045205         8.201015318524155         1.833985604347424         1.833985604347424         1.787459220066745         0.013682548560433         0.013682548560433         0.292783723394776         0.318434158842783         0.318434158842783         0.318434158842783
        0.295000000000000         9.363990236667135         9.363990236667135         8.219247928347212         1.845785425417073         1.845785425417073         1.797824144308167         0.013641919167807         0.013641919167808         0.292302133492961         0.318434158842783         0.318434158842783         0.318434158842783
        0.296000000000000         9.382979323140972         9.382979323140972         8.237709365302937         1.857662446619051         1.857662446619051         1.808280033836098         0.013601637370484         0.013601637370485         0.291822693610061         0.318434158842783         0.318434158842783         0.318434158842783
        0.297000000000000         9.402207289217376         9.402207289217376         8.256398288962101         1.869618961832251         1.869618961832252         1.818826628875528         0.013561699059934         0.013561699059934         0.291345393533157         0.318434158842783         0.318434158842783         0.318434158842783
        0.298000000000000         9.421620334627075         9.421620334627073         8.275314289060976         1.881640374494058         1.881640374494058         1.829463497416531         0.013522100190555         0.013522100190556         0.290870223114669         0.318434158842783         0.318434158842783         0.318434158842783
        0.299000000000000         9.441355966377438         9.441355966377440         8.294454194962242         1.893765603689624         1.893765603689624         1.840190525678928         0.013482836778461         0.013482836778461         0.290397172271190         0.318434158842783         0.318434158842783         0.318434158842783
        0.300000000000000         9.461275938711719         9.461275938711719         8.313818311097647         1.905956577930472         1.905956577930471         1.851007399569138         0.013443904900270         0.013443904900270         0.289926230982257         0.318434158842783         0.318434158842783         0.318434158842783
