                   T[GeV]                  tauU[fm]                  tauD[fm]                  tauS[fm]               tauUBar[fm]               tauDBar[fm]               tauSBar[fm]                effMU[GeV]                effMD[GeV]                effMS[GeV]               effCPU[GeV]               effCPD[GeV]               effCPS[GeV]
        0.040000000000000        52.679889918097679        52.679889918097729        54.660012916870784        24.088866233576869        24.088866233576912        55.468028298699323         0.352161889130864         0.352161889130864         0.542587566527143         0.318434158842783         0.318434158842783         0.318434158842783
        0.041000000000000        48.687797979690600        48.687797979711419        50.327282977497894        22.043437740747621        22.043437740768738        50.229747001208210         0.350832982327975         0.350832982328072         0.541993314487759         0.318434158842783         0.318434158842783         0.318434158842783
        0.042000000000000        45.084690138691279        45.084690138757743        46.427325444775285        20.209589572774942        20.209589572841747        45.564860008317304         0.349423796920089         0.349423796920436         0.541362836170929         0.318434158842783         0.318434158842783         0.318434158842783
        0.043000000000000        41.823098999467227        41.823098999423344        42.906413732586593        18.560349273713395        18.560349273669694        41.399458794190757         0.347929911190158         0.347929911189901         0.540694198563261         0.318434158842783         0.318434158842783         0.318434158842783
        0.044000000000000        38.862513882924837        38.862513882970305        39.718718575076586        17.072793978814886        17.072793978859728        37.670628279784587         0.346346459372394         0.346346459372692         0.539985302875691         0.318434158842783         0.318434158842783         0.318434158842783
        0.045000000000000        36.168200473262338        36.168200473224466        36.825183551403391        15.727339275602416        15.727339275565411        34.324570784939702         0.344668065237111         0.344668065236832         0.539233862431530         0.318434158842783         0.318434158842783         0.318434158842783
        0.046000000000000        33.710238720326039        33.710238720252079        34.192131442198239        14.507198465649589        14.507198465577996        31.315085047455632         0.342888761386110         0.342888761385502         0.538437375709049         0.318434158842783         0.318434158842783         0.318434158842783
        0.047000000000000        31.462758497062481        31.462758497076369        31.790451955142128        13.397867985952985        13.397867985966302        28.602326668813042         0.341001891050059         0.341001891050187         0.537593093499856         0.318434158842783         0.318434158842783         0.318434158842783
        0.048000000000000        29.403287159679614        29.403287159733896        29.594914813244259        12.386839733316735        12.386839733368285        26.151815336975734         0.338999987673581         0.338999987674137         0.536697978643315         0.318434158842783         0.318434158842783         0.318434158842783
        0.049000000000000        27.512232229203132        27.512232229305514        27.583554224556380        11.463213493066545        11.463213493162824        23.933588423367688         0.336874625719483         0.336874625720651         0.535748656176730         0.318434158842783         0.318434158842783         0.318434158842783
        0.050000000000000        25.772455078128289        25.772455078176566        25.737367279670782        10.617488107505187        10.617488107550146        21.921520981865967         0.334616234039677         0.334616234040290         0.534741351093142         0.318434158842783         0.318434158842783         0.318434158842783
        0.051000000000000        24.168894194776502        24.168894194729223        24.038971848188073         9.841340135346329         9.841340135302746        20.092755598194874         0.332213859618662         0.332213859617993         0.533671809747378         0.318434158842783         0.318434158842783         0.318434158842783
        0.052000000000000        22.688287444622844        22.688287444572726        22.473902305778996         9.127460177845604         9.127460177799868        18.427222391896077         0.329654864737575         0.329654864736785         0.532535199433577         0.318434158842783         0.318434158842783         0.318434158842783
        0.053000000000000        21.318899532852736        21.318899532852708        21.028838058021591         8.469333818394405         8.469333818394379        16.907229408189561         0.326924505129047         0.326924505129047         0.531325967776050         0.318434158842783         0.318434158842783         0.318434158842783
        0.054000000000000        20.050336244489984        20.050336244489962        19.692180636787224         7.861349538528497         7.861349538528478        15.517137698702072         0.324005510431471         0.324005510431471         0.530037709521275         0.318434158842783         0.318434158842783         0.318434158842783
        0.055000000000000        18.873331426947949        18.873331426948152        18.453479231083378         7.298080892721990         7.298080892722168        14.243041337166240         0.320877245455116         0.320877245455120         0.528662885135514         0.318434158842783         0.318434158842783         0.318434158842783
        0.056000000000000        17.779608348761489        17.779608348761464        17.303293203449066         6.775182357664707         6.775182357664689        13.072520854022736         0.317514834534312         0.317514834534311         0.527192540124439         0.318434158842783         0.318434158842783         0.318434158842783
        0.057000000000000        16.761750670837735        16.761750670837937        16.233286388687731         6.288364035035475         6.288364035035649        11.994408177630110         0.313887789224271         0.313887789224277         0.525615859614946         0.318434158842783         0.318434158842783         0.318434158842783
        0.058000000000000        15.813071610060783        15.813071610061014        15.235605377966630         5.833765088665522         5.833765088665720        10.998586046254481         0.309958052750520         0.309958052750527         0.523919538918217         0.318434158842783         0.318434158842783         0.318434158842783
        0.059000000000000        14.927521672997800        14.927521672997823        14.303240318523711         5.407760211686142         5.407760211686162        10.075737773240597         0.305677077781392         0.305677077781392         0.522086848838714         0.318434158842783         0.318434158842783         0.318434158842783
        0.060000000000000        14.099577085009271        14.099577085009464        13.429554023807301         5.006862729967919         5.006862729968081         9.217162689800038         0.300981284637711         0.300981284637719         0.520096192575263         0.318434158842783         0.318434158842783         0.318434158842783
        0.061000000000000        13.324141695613511        13.324141695612886        12.608179780032271         4.627556728964594         4.627556728964081         8.414514827362327         0.295784655046040         0.295784655046013         0.517918768988178         0.318434158842783         0.318434158842783         0.318434158842783
        0.062000000000000        12.596416346193804        12.596416346192031        11.832811445402230         4.266044535679891         4.266044535678450         7.659373972994741         0.289965906447520         0.289965906447432         0.515514556267965         0.318434158842783         0.318434158842783         0.318434158842783
        0.063000000000000        11.911723327087511        11.911723327087552        11.096712529393727         3.917820705625065         3.917820705625097         6.942683236695086         0.283344487375799         0.283344487375801         0.512824855587323         0.318434158842783         0.318434158842783         0.318434158842783
        0.064000000000000        11.265149437770644        11.265149437766299        10.392066528475008         3.576449135680478         3.576449135677026         6.253544822331295         0.275630689319969         0.275630689319676         0.509756931868713         0.318434158842783         0.318434158842783         0.318434158842783
        0.065000000000000        10.650677898181435        10.650677898171542         9.708073696813493         3.230007187981117         3.230007187973298         5.576467913084973         0.266305132411710         0.266305132410909         0.506147281075618         0.318434158842783         0.318434158842783         0.318434158842783
        0.066000000000000        10.058039992428533        10.058039992441957         9.025106865963895         2.841695907165920         2.841695907176625         4.882929329378073         0.254248691576868         0.254248691578240         0.501650174054470         0.318434158842783         0.318434158842783         0.318434158842783
        0.067000000000000         9.451909675106149         9.451909675106316         8.284928272850900         2.173980862674166         2.173980862674310         4.089267078211053         0.235903812151864         0.235903812151888         0.495192928925354         0.318434158842783         0.318434158842783         0.318434158842783
        0.068000000000000        11.582001320776863        11.582001320776863         8.056852851865118         1.838907038071955         1.838907038071955         2.155651251943091         0.149400537229894         0.149400537229894         0.470988843738095         0.318434158842783         0.318434158842783         0.318434158842783
        0.069000000000000        11.629487634800379        11.629487634800228         7.965738470676706         1.749775152674131         1.749775152674583         1.368851088925943         0.128601126168960         0.128601126169198         0.466312667609129         0.318434158842783         0.318434158842783         0.318434158842783
        0.070000000000000        11.328115182572938        11.328115182572262         7.799873286956464         1.665023445083367         1.665023445084701         1.088398628827995         0.118069475698028         0.118069475698877         0.463958831632731         0.318434158842783         0.318434158842783         0.318434158842783
        0.071000000000000        11.005536099921978        11.005536099921951         7.632430839821110         1.589656567301889         1.589656567301931         1.008522346121219         0.110590304805322         0.110590304805353         0.462243475408868         0.318434158842783         0.318434158842783         0.318434158842783
        0.072000000000000        10.691522134043002        10.691522134042994         7.469718031450841         1.518184632837122         1.518184632837132         0.967553934235456         0.104690798034274         0.104690798034282         0.460837984923765         0.318434158842783         0.318434158842783         0.318434158842783
        0.073000000000000        10.391201104733774        10.391201104733771         7.312945575469499         1.440025088243122         1.440025088243124         0.942295616378564         0.099781565460329         0.099781565460331         0.459614694782264         0.318434158842783         0.318434158842783         0.318434158842783
        0.074000000000000        10.100249020073063        10.100249020072789         7.162192893241748         1.209772289878078         1.209772289878271         0.925020109448247         0.095560548454338         0.095560548454687         0.458509788226109         0.318434158842783         0.318434158842783         0.318434158842783
        0.075000000000000         9.825016870320686         9.825016870319928         7.017388203545499         1.093348436351275         1.093348436351670         0.912361634720600         0.091850282365328         0.091850282366341         0.457486623853024         0.318434158842783         0.318434158842783         0.318434158842783
        0.076000000000000         9.564351042630378         9.564351042630873         6.878226565898024         1.031037905709344         1.031037905709123         0.902646514264093         0.088536392463595         0.088536392462892         0.456522078542268         0.318434158842783         0.318434158842783         0.318434158842783
        0.077000000000000         9.316423227707004         9.316423227709402         6.744594828752438         0.989096326941770         0.989096326940799         0.894891949631813         0.085540593845553         0.085540593841955         0.455600661627266         0.318434158842783         0.318434158842783         0.318434158842783
        0.078000000000000         9.080040617282116         9.080040617282295         6.616090775741694         0.958009267434453         0.958009267434384         0.888521182260103         0.082806640345047         0.082806640344761         0.454711477324125         0.318434158842783         0.318434158842783         0.318434158842783
        0.079000000000000         8.854326926771989         8.854326926771801         6.492512685244551         0.933564482790358         0.933564482790428         0.883136713345138         0.080292610841925         0.080292610842248         0.453846580206588         0.318434158842783         0.318434158842783         0.318434158842783
        0.080000000000000         8.638488251276490         8.638488251276096         6.373597088198877         0.913578766410910         0.913578766411055         0.878487366989708         0.077966329889534         0.077966329890251         0.453000009588714         0.318434158842783         0.318434158842783         0.318434158842783
        0.081000000000000         8.431855490482985         8.431855490482894         6.259139147475214         0.896725555368300         0.896725555368333         0.874385868551670         0.075802500577528         0.075802500577702         0.452167191195226         0.318434158842783         0.318434158842783         0.318434158842783
        0.082000000000000         8.233829773875915         8.233829773875476         6.148882755237870         0.882144647016313         0.882144647016475         0.870710516460426         0.073780830501534         0.073780830502446         0.451344549866896         0.318434158842783         0.318434158842783         0.318434158842783
        0.083000000000000         8.043884190210758         8.043884190211049         6.042625486262462         0.869292287032685         0.869292287032575         0.867353402130337         0.071884762199466         0.071884762198808         0.450529249595314         0.318434158842783         0.318434158842783         0.318434158842783
        0.084000000000000         7.861541390982654         7.861541390982884         5.940144871622215         0.857726267415071         0.857726267414982         0.864238293670081         0.070100586845021         0.070100586844472         0.449719013602502         0.318434158842783         0.318434158842783         0.318434158842783
        0.085000000000000         7.686372176151186         7.686372176151426         5.841220766861657         0.847137462465065         0.847137462464969         0.861329500809609         0.068416809296046         0.068416809295422         0.448911996497026         0.318434158842783         0.318434158842783         0.318434158842783
        0.086000000000000         7.517985643153957         7.517985643153848         5.745622475997074         0.837263442371451         0.837263442371495         0.858572002404013         0.066823682997247         0.066823682997544         0.448106691347639         0.318434158842783         0.318434158842783         0.318434158842783
        0.087000000000000         7.356023466341197         7.356023466341136         5.653090667846487         0.827843699611530         0.827843699611556         0.855940469546278         0.065312862587211         0.065312862587391         0.447301860771168         0.318434158842783         0.318434158842783         0.318434158842783
        0.088000000000000         7.200160005485965         7.200160005485832         5.563290266218041         0.818632367671219         0.818632367671277         0.853404603107884         0.063877139922078         0.063877139922501         0.446496484918140         0.318434158842783         0.318434158842783         0.318434158842783
        0.089000000000000         7.050090575626972         7.050090575626967         5.476325038362661         0.809753907865888         0.809753907865890         0.850943944851417         0.062510240394270         0.062510240394288         0.445689721583113         0.318434158842783         0.318434158842783         0.318434158842783
        0.090000000000000         6.905531686618299         6.905531686618389         5.393144066255484         0.802191028166101         0.802191028166059         0.848541885155965         0.061206663629731         0.061206663629400         0.444880875181088         0.318434158842783         0.318434158842783         0.318434158842783
        0.091000000000000         6.766224072696726         6.766224072696690         5.313152322182155         0.795373082815979         0.795373082815997         0.846185786758693         0.059961557306549         0.059961557306693         0.444069372297345         0.318434158842783         0.318434158842783         0.318434158842783
        0.092000000000000         6.631924778296080         6.631924778296126         5.236078526235576         0.789101521094798         0.789101521094775         0.843865029246440         0.058770616139608         0.058770616139409         0.443254742196194         0.318434158842783         0.318434158842783         0.318434158842783
        0.093000000000000         6.502402072784733         6.502402072784770         5.161730174708066         0.783261747508555         0.783261747508535         0.841571046177584         0.057630000158031         0.057630000157858         0.442436601109908         0.318434158842783         0.318434158842783         0.318434158842783
        0.094000000000000         6.377441053721508         6.377441053721529         5.089977140274128         0.777758438924236         0.777758438924224         0.839297763044194         0.056536267775388         0.056536267775281         0.441614639427787         0.318434158842783         0.318434158842783         0.318434158842783
        0.095000000000000         6.256852491809494         6.256852491809510         5.020702829822340         0.772596063291783         0.772596063291774         0.837039142087481         0.055486321793339         0.055486321793251         0.440788611272597         0.318434158842783         0.318434158842783         0.318434158842783
        0.096000000000000         6.140421895743486         6.140421895743478         4.953763805468118         0.767621815415713         0.767621815415717         0.834791045697659         0.054477361893640         0.054477361893680         0.439958325607718         0.318434158842783         0.318434158842783         0.318434158842783
        0.097000000000000         6.027991033734935         6.027991033734944         4.889072572989743         0.762903896865061         0.762903896865055         0.832551646229231         0.053506848406877         0.053506848406823         0.439123639128916         0.318434158842783         0.318434158842783         0.318434158842783
        0.098000000000000         5.919382850247016         5.919382850247000         4.826521750244476         0.758377714764769         0.758377714764781         0.830317694591422         0.052572469270640         0.052572469270751         0.438284450038616         0.318434158842783         0.318434158842783         0.318434158842783
        0.099000000000000         5.814438372961133         5.814438372961154         4.766023439545302         0.754025493637840         0.754025493637825         0.828087311194789         0.051672113033699         0.051672113033552         0.437440692854912         0.318434158842783         0.318434158842783         0.318434158842783
        0.100000000000000         5.713007938931304         5.713007938931296         4.707501819150847         0.749827126687662         0.749827126687669         0.825858217811358         0.050803845701618         0.050803845701694         0.436592333961013         0.318434158842783         0.318434158842783         0.318434158842783
        0.101000000000000         5.614940289273827         5.614940289273823         4.650842600683135         0.745767035696627         0.745767035696629         0.823631642738573         0.049965890900228         0.049965890900259         0.435739367775913         0.318434158842783         0.318434158842783         0.318434158842783
        0.102000000000000         5.520103383479379         5.520103383479375         4.595993975106371         0.741831513917989         0.741831513917992         0.821406404254583         0.049156612797085         0.049156612797116         0.434881813439340         0.318434158842783         0.318434158842783         0.318434158842783
        0.103000000000000         5.428367817692855         5.428367817692858         4.542882446780895         0.738010475158354         0.738010475158352         0.819181831703362         0.048374501322265         0.048374501322237         0.434019711923596         0.318434158842783         0.318434158842783         0.318434158842783
        0.104000000000000         5.339608541045530         5.339608541045545         4.491436810627805         0.734294118689106         0.734294118689091         0.816957350750138         0.047618159333369         0.047618159333214         0.433153123504110         0.318434158842783         0.318434158842783         0.318434158842783
        0.105000000000000         5.253705910973637         5.253705910973632         4.441591305465416         0.730665737050229         0.730665737050234         0.814727931652068         0.046886291406546         0.046886291406605         0.432282125530242         0.318434158842783         0.318434158842783         0.318434158842783
        0.106000000000000         5.170552217061961         5.170552217061958         4.393284504432961         0.727137114244190         0.727137114244194         0.812505050576435         0.046177694017060         0.046177694017108         0.431406810451619         0.318434158842783         0.318434158842783         0.318434158842783
        0.107000000000000         5.090036322516348         5.090036322516351         4.346454611457784         0.723688286993676         0.723688286993674         0.810286727422854         0.045491246904439         0.045491246904413         0.430527284061296         0.318434158842783         0.318434158842783         0.318434158842783
        0.108000000000000         5.012055570278566         5.012055570278567         4.301045382162963         0.720311728548226         0.720311728548224         0.808067918266288         0.044825905447980         0.044825905447958         0.429643663924823         0.318434158842783         0.318434158842783         0.318434158842783
        0.109000000000000         4.936514286958432         4.936514286958431         4.257004629347128         0.717009564465834         0.717009564465836         0.805855464984019         0.044180693914723         0.044180693914746         0.428756077969076         0.318434158842783         0.318434158842783         0.318434158842783
        0.110000000000000         4.863318164700465         4.863318164700464         4.214270915908420         0.713780154778698         0.713780154778698         0.803643059824443         0.043554699459557         0.043554699459560         0.427864663209443         0.318434158842783         0.318434158842783         0.318434158842783
        0.111000000000000         4.792380035947280         4.792380035947279         4.172826802979541         0.710605493511431         0.710605493511432         0.801433614212289         0.042947066778878         0.042947066778894         0.426969564597543         0.318434158842783         0.318434158842783         0.318434158842783
        0.112000000000000         4.723611897756948         4.723611897756944         4.132587688313921         0.707496878061508         0.707496878061514         0.799235228573440         0.042356993331350         0.042356993331424         0.426070933973981         0.318434158842783         0.318434158842783         0.318434158842783
        0.113000000000000         4.656932660040742         4.656932660040742         4.093518127738012         0.704446885859595         0.704446885859595         0.797037331474833         0.041783725052572         0.041783725052575         0.425168929113661         0.318434158842783         0.318434158842783         0.318434158842783
        0.114000000000000         4.592268186939146         4.592268186939145         4.055596268908429         0.701452446693125         0.701452446693128         0.794843819567839         0.041226552507019         0.041226552507057         0.424263712853044         0.318434158842783         0.318434158842783         0.318434158842783
        0.115000000000000         4.529535715430574         4.529535715430574         4.018737343520970         0.698511456174914         0.698511456174912         0.792661156235838         0.040684807419169         0.040684807419143         0.423355452289578         0.318434158842783         0.318434158842783         0.318434158842783
        0.116000000000000         4.468679348801639         4.468679348801638         3.982979377812159         0.695622270674288         0.695622270674290         0.790486917788471         0.040157859542429         0.040157859542457         0.422444318047044         0.318434158842783         0.318434158842783         0.318434158842783
        0.117000000000000         4.409614670852396         4.409614670852395         3.948203509951393         0.692783189235311         0.692783189235313         0.788321932704637         0.039645113823783         0.039645113823818         0.421530483597892         0.318434158842783         0.318434158842783         0.318434158842783
        0.118000000000000         4.352282467053235         4.352282467053233         3.914405183273205         0.689992638473960         0.689992638473961         0.786166987633406         0.039146007833663         0.039146007833681         0.420614124639737         0.318434158842783         0.318434158842783         0.318434158842783
        0.119000000000000         4.296645874865497         4.296645874865496         3.881554622418563         0.687321238230067         0.687321238230068         0.784024848303151         0.038660009429245         0.038660009429255         0.419695418518277         0.318434158842783         0.318434158842783         0.318434158842783
        0.120000000000000         4.242587132658190         4.242587132658190         3.849616397654448         0.684599963795719         0.684599963795719         0.781891159873063         0.038186614625594         0.038186614625594         0.418774543695040         0.318434158842783         0.318434158842783         0.318434158842783
        0.121000000000000         4.190083006025291         4.190083006025291         3.818548194419731         0.681935413008013         0.681935413008015         0.779768182350478         0.037725345655778         0.037725345655802         0.417851679254319         0.318434158842783         0.318434158842783         0.318434158842783
        0.122000000000000         4.139078399868936         4.139078399868936         3.788325685650123         0.679322127507413         0.679322127507413         0.777661631999277         0.037275749193999         0.037275749193992         0.416927004447346         0.318434158842783         0.318434158842783         0.318434158842783
        0.123000000000000         4.089516147631701         4.089516147631699         3.758928041036070         0.676742684671885         0.676742684671886         0.775567037169524         0.036837394731860         0.036837394731865         0.416000698270330         0.318434158842783         0.318434158842783         0.318434158842783
        0.124000000000000         4.041341818063413         4.041341818063413         3.730310604411483         0.674197184173301         0.674197184173303         0.773491357523278         0.036409873087763         0.036409873087778         0.415072939074822         0.318434158842783         0.318434158842783         0.318434158842783
        0.125000000000000         3.994524260309506         3.994524260309506         3.702469463849068         0.671714329441829         0.671714329441832         0.771427775467465         0.035992795037454         0.035992795037500         0.414143904206800         0.318434158842783         0.318434158842783         0.318434158842783
        0.126000000000000         3.949000546586804         3.949000546586804         3.675350578976534         0.669269716305565         0.669269716305565         0.769379999423317         0.035585790053980         0.035585790053979         0.413213769673974         0.318434158842783         0.318434158842783         0.318434158842783
        0.127000000000000         3.904734158359722         3.904734158359722         3.648958779635546         0.666866365390504         0.666866365390503         0.767350167961731         0.035188505148067         0.035188505148061         0.412282709839131         0.318434158842783         0.318434158842783         0.318434158842783
        0.128000000000000         3.861674707122177         3.861674707122177         3.623238320769386         0.664502229902618         0.664502229902617         0.765335646402400         0.034800603795888         0.034800603795870         0.411350897137983         0.318434158842783         0.318434158842783         0.318434158842783
        0.129000000000000         3.819784509290618         3.819784509290618         3.598183984231982         0.662176006307352         0.662176006307352         0.763337716729710         0.034421764950177         0.034421764950175         0.410418501819669         0.318434158842783         0.318434158842783         0.318434158842783
        0.130000000000000         3.779028816709408         3.779028816709408         3.573777584679409         0.659896745235187         0.659896745235187         0.761359190946880         0.034051682124685         0.034051682124672         0.409485691710360         0.318434158842783         0.318434158842783         0.318434158842783
        0.131000000000000         3.739356406778245         3.739356406778244         3.549984089666263         0.657639697521299         0.657639697521300         0.759397855013798         0.033690062545635         0.033690062545642         0.408552631996001         0.318434158842783         0.318434158842783         0.318434158842783
        0.132000000000000         3.700734775220988         3.700734775220988         3.526751165399051         0.655431041329161         0.655431041329161         0.757454821316000         0.033336626365317         0.033336626365312         0.407619485026416         0.318434158842783         0.318434158842783         0.318434158842783
        0.133000000000000         3.663138135516953         3.663138135516952         3.504131826253704         0.653253881232255         0.653253881232254         0.755534828541379         0.032991105931989         0.032991105931972         0.406686410137289         0.318434158842783         0.318434158842783         0.318434158842783
        0.134000000000000         3.626535930960031         3.626535930960031         3.482115911140166         0.651110940453940         0.651110940453940         0.753630693289310         0.032653245109765         0.032653245109755         0.405753563489841         0.318434158842783         0.318434158842783         0.318434158842783
        0.135000000000000         3.590879052520657         3.590879052520657         3.460590713014969         0.649012080226574         0.649012080226574         0.751744625552633         0.032322798647510         0.032322798647519         0.404821097928514         0.318434158842783         0.318434158842783         0.318434158842783
        0.136000000000000         3.556142515282936         3.556142515282935         3.439587701264525         0.646944724155637         0.646944724155636         0.749880938354353         0.031999531589386         0.031999531589366         0.403889162853386         0.318434158842783         0.318434158842783         0.318434158842783
        0.137000000000000         3.522296653757546         3.522296653757546         3.419089140544404         0.644912753400152         0.644912753400152         0.748034713441742         0.031683218725647         0.031683218725646         0.402957904109447         0.318434158842783         0.318434158842783         0.318434158842783
        0.138000000000000         3.489313979718606         3.489313979718606         3.399082297785665         0.642915982077563         0.642915982077563         0.746211502909526         0.031373644079863         0.031373644079859         0.402027463889574         0.318434158842783         0.318434158842783         0.318434158842783
        0.139000000000000         3.457164933335454         3.457164933335454         3.379534065304107         0.640953363983473         0.640953363983473         0.744411825672657         0.031070600429381         0.031070600429372         0.401097980651581         0.318434158842783         0.318434158842783         0.318434158842783
        0.140000000000000         3.425826248354138         3.425826248354138         3.360453050962342         0.639026897741332         0.639026897741332         0.742628984308478         0.030773888857279         0.030773888857280         0.400169589048998         0.318434158842783         0.318434158842783         0.318434158842783
        0.141000000000000         3.395256332058456         3.395256332058457         3.341802030982021         0.637110344674811         0.637110344674811         0.740868754466202         0.030483318332025         0.030483318332035         0.399242419873830         0.318434158842783         0.318434158842783         0.318434158842783
        0.142000000000000         3.365461405937463         3.365461405937464         3.323588286971225         0.635261658252365         0.635261658252364         0.739130394773236         0.030198705314395         0.030198705314388         0.398316600011553         0.318434158842783         0.318434158842783         0.318434158842783
        0.143000000000000         3.336392039728772         3.336392039728772         3.305778000995540         0.633432520930826         0.633432520930826         0.737412826019217         0.029919873388054         0.029919873388054         0.397392252407234         0.318434158842783         0.318434158842783         0.318434158842783
        0.144000000000000         3.308040885057107         3.308040885057107         3.288363361193536         0.631652209100748         0.631652209100749         0.735717446149054         0.029646652913107         0.029646652913110         0.396469496042526         0.318434158842783         0.318434158842783         0.318434158842783
        0.145000000000000         3.280364113861328         3.280364113861328         3.271334144058527         0.629878470415723         0.629878470415723         0.734042886081526         0.029378880700274         0.029378880700273         0.395548445922504         0.318434158842783         0.318434158842783         0.318434158842783
        0.146000000000000         3.253362776332384         3.253362776332384         3.254697629267106         0.628144319291759         0.628144319291759         0.732390743371280         0.029116399704595         0.029116399704596         0.394629213071756         0.318434158842783         0.318434158842783         0.318434158842783
        0.147000000000000         3.227003060578142         3.227003060578142         3.238403027553661         0.626441617050299         0.626441617050299         0.730758735592871         0.028859058737279         0.028859058737275         0.393711904539975         0.318434158842783         0.318434158842783         0.318434158842783
        0.148000000000000         3.201269281857539         3.201269281857540         3.222456028401265         0.624770295736028         0.624770295736028         0.729149167866598         0.028606712193739         0.028606712193743         0.392796623415366         0.318434158842783         0.318434158842783         0.318434158842783
        0.149000000000000         3.176147242429525         3.176147242429524         3.206848549522733         0.623137212614620         0.623137212614620         0.727561721703484         0.028359219786932         0.028359219786929         0.391883468845067         0.318434158842783         0.318434158842783         0.318434158842783
        0.150000000000000         3.151610987838293         3.151610987838292         3.191564899140213         0.621530552968535         0.621530552968535         0.725995012299800         0.028116446350360         0.028116446350348         0.390972536066393         0.318434158842783         0.318434158842783         0.318434158842783
        0.151000000000000         3.127623294342211         3.127623294342211         3.176598088989129         0.619915810102599         0.619915810102599         0.724450481526960         0.027878261552217         0.027878261552213         0.390063916438656         0.318434158842783         0.318434158842783         0.318434158842783
        0.152000000000000         3.104279006948319         3.104279006948319         3.161939814778614         0.618483448472088         0.618483448472088         0.722927572134511         0.027644539684522         0.027644539684519         0.389157697485202         0.318434158842783         0.318434158842783         0.318434158842783
        0.153000000000000         3.081411311337006         3.081411311337005         3.147569380729554         0.616975876558211         0.616975876558213         0.721426239619874         0.027415159510150         0.027415159510159         0.388253962942695         0.318434158842783         0.318434158842783         0.318434158842783
        0.154000000000000         3.059053218773685         3.059053218773685         3.133489677860612         0.615478722850378         0.615478722850378         0.719946404788072         0.027190004028291         0.027190004028285         0.387352792811710         0.318434158842783         0.318434158842783         0.318434158842783
        0.155000000000000         3.037212286215830         3.037212286215830         3.119684366430052         0.614029849943198         0.614029849943199         0.718488648588058         0.026968960302330         0.026968960302327         0.386454263413985         0.318434158842783         0.318434158842783         0.318434158842783
        0.156000000000000         3.015876420542708         3.015876420542709         3.106145540196013         0.612632948302282         0.612632948302282         0.717051568682551         0.026751919286735         0.026751919286739         0.385558447454003         0.318434158842783         0.318434158842783         0.318434158842783
        0.157000000000000         2.994994326893163         2.994994326893163         3.092871554561922         0.611224241141209         0.611224241141209         0.715635647385950         0.026538775663418         0.026538775663407         0.384665414084526         0.318434158842783         0.318434158842783         0.318434158842783
        0.158000000000000         2.974588378981270         2.974588378981270         3.079839642474938         0.609865705538316         0.609865705538316         0.714240434076786         0.026329427685989         0.026329427685997         0.383775228974882         0.318434158842783         0.318434158842783         0.318434158842783
        0.159000000000000         2.954529643668605         2.954529643668605         3.067065818522951         0.608377786006869         0.608377786006870         0.712866832533185         0.026123777032292         0.026123777032289         0.382887954383353         0.318434158842783         0.318434158842783         0.318434158842783
        0.160000000000000         2.935009078014504         2.935009078014504         3.054516428944474         0.607074153707284         0.607074153707284         0.711514257615311         0.025921728663851         0.025921728663863         0.382003649231523         0.318434158842783         0.318434158842783         0.318434158842783
        0.161000000000000         2.915919171099333         2.915919171099333         3.042199563111093         0.605807723570164         0.605807723570164         0.710182337107014         0.025723190692960         0.025723190692959         0.381122369181159         0.318434158842783         0.318434158842783         0.318434158842783
        0.162000000000000         2.897240032886983         2.897240032886983         3.030107454510934         0.604563877251740         0.604563877251740         0.708866728346718         0.025528074255630         0.025528074255623         0.380244166713442         0.318434158842783         0.318434158842783         0.318434158842783
        0.163000000000000         2.879049377854319         2.879049377854319         3.018223226134254         0.603474242892547         0.603474242892546         0.707576290839718         0.025336293391175         0.025336293391164         0.379369091209357         0.318434158842783         0.318434158842783         0.318434158842783
        0.164000000000000         2.861211716854606         2.861211716854606         3.006551942560745         0.602353543373140         0.602353543373140         0.706304753251251         0.025147764927282         0.025147764927294         0.378497189031992         0.318434158842783         0.318434158842783         0.318434158842783
        0.165000000000000         2.843700151661241         2.843700151661240         2.995078310397409         0.601182375002003         0.601182375002003         0.705059659042964         0.024962408370713         0.024962408370722         0.377628503609290         0.318434158842783         0.318434158842783         0.318434158842783
        0.166000000000000         2.826531771093796         2.826531771093795         2.983799041255430         0.600002455268648         0.600002455268648         0.703829550299999         0.024780145803171         0.024780145803169         0.376763075518377         0.318434158842783         0.318434158842783         0.318434158842783
        0.167000000000000         2.809757270313285         2.809757270313285         2.972711431863213         0.598896963665010         0.598896963665010         0.702619241941692         0.024600901781694         0.024600901781694         0.375900942569717         0.318434158842783         0.318434158842783         0.318434158842783
        0.168000000000000         2.793313924628103         2.793313924628103         2.961792409763560         0.597797532475000         0.597797532475000         0.701428617705798         0.024424603244103         0.024424603244099         0.375042139892241         0.318434158842783         0.318434158842783         0.318434158842783
        0.169000000000000         2.777240014620269         2.777240014620268         2.951061551780609         0.596760370444685         0.596760370444685         0.700257514040937         0.024251179418329         0.024251179418324         0.374186700017729         0.318434158842783         0.318434158842783         0.318434158842783
        0.170000000000000         2.761448363048049         2.761448363048049         2.940504535339957         0.595682532685651         0.595682532685651         0.699105654445193         0.024080561736210         0.024080561736214         0.373334652966188         0.318434158842783         0.318434158842783         0.318434158842783
        0.171000000000000         2.746043341094593         2.746043341094593         2.930115492508423         0.594715784823368         0.594715784823368         0.697973075731053         0.023912683750807         0.023912683750807         0.372486026329740         0.318434158842783         0.318434158842783         0.318434158842783
        0.172000000000000         2.730911563037719         2.730911563037719         2.919888073854904         0.593720888519149         0.593720888519149         0.696859499241749         0.023747481057517         0.023747481057513         0.371640845356800         0.318434158842783         0.318434158842783         0.318434158842783
        0.173000000000000         2.716100337278098         2.716100337278099         2.909830730592605         0.592766055486739         0.592766055486739         0.695764701108197         0.023584891218817         0.023584891218820         0.370799133035384         0.318434158842783         0.318434158842783         0.318434158842783
        0.174000000000000         2.701583344505149         2.701583344505150         2.899912113144377         0.591834039963442         0.591834039963442         0.694688510947536         0.023424853692005         0.023424853692014         0.369960910175424         0.318434158842783         0.318434158842783         0.318434158842783
        0.175000000000000         2.687312216736863         2.687312216736863         2.890140533845536         0.590875149531429         0.590875149531429         0.693630762126780         0.023267309760160         0.023267309760151         0.369126195490229         0.318434158842783         0.318434158842783         0.318434158842783
        0.176000000000000         2.673392689761961         2.673392689761961         2.880525193146510         0.590022006280555         0.590022006280555         0.692591237430077         0.023112202466088         0.023112202466093         0.368295005677079         0.318434158842783         0.318434158842783         0.318434158842783
        0.177000000000000         2.659729845128588         2.659729845128588         2.871040239441571         0.589171067765461         0.589171067765461         0.691569744978013         0.022959476549079         0.022959476549079         0.367467355496112         0.318434158842783         0.318434158842783         0.318434158842783
        0.178000000000000         2.646272112713457         2.646272112713457         2.861687954096768         0.588269068352330         0.588269068352330         0.690566122008570         0.022809078384221         0.022809078384216         0.366643257848483         0.318434158842783         0.318434158842783         0.318434158842783
        0.179000000000000         2.633124266919692         2.633124266919692         2.852462403382020         0.587447174946752         0.587447174946752         0.689580140153790         0.022660955924338         0.022660955924336         0.365822723852622         0.318434158842783         0.318434158842783         0.318434158842783
        0.180000000000000         2.620239028973947         2.620239028973947         2.843386379366197         0.586658343659627         0.586658343659628         0.688611620100436         0.022515058644291         0.022515058644296         0.365005762919506         0.318434158842783         0.318434158842783         0.318434158842783
        0.181000000000000         2.607632302001087         2.607632302001087         2.834424910348429         0.585927458125541         0.585927458125541         0.687660886420995         0.022371337487573         0.022371337487569         0.364192382825763         0.318434158842783         0.318434158842783         0.318434158842783
        0.182000000000000         2.595231977411175         2.595231977411174         2.825585978185815         0.585175537697480         0.585175537697478         0.686726719650037         0.022229744815048         0.022229744815045         0.363382589785900         0.318434158842783         0.318434158842783         0.318434158842783
        0.183000000000000         2.583064790169844         2.583064790169845         2.816864761846348         0.584445786844694         0.584445786844694         0.685808930608808         0.022090234355803         0.022090234355796         0.362576388522157         0.318434158842783         0.318434158842783         0.318434158842783
        0.184000000000000         2.571131462130760         2.571131462130760         2.808256181404435         0.583738795254151         0.583738795254150         0.684908295474922         0.021952761159963         0.021952761159963         0.361773782333175         0.318434158842783         0.318434158842783         0.318434158842783
        0.185000000000000         2.559423738707870         2.559423738707870         2.799762399414606         0.583053405790668         0.583053405790668         0.684023952406503         0.021817281553340         0.021817281553339         0.360974773160751         0.318434158842783         0.318434158842783         0.318434158842783
        0.186000000000000         2.547914289007451         2.547914289007452         2.791373262520826         0.582366513555885         0.582366513555884         0.683156078712148         0.021683753093950         0.021683753093955         0.360179361654523         0.318434158842783         0.318434158842783         0.318434158842783
        0.187000000000000         2.536691418586032         2.536691418586033         2.783094396845258         0.581780983885986         0.581780983885986         0.682304305651402         0.021552134530212         0.021552134530214         0.359387547235575         0.318434158842783         0.318434158842783         0.318434158842783
        0.188000000000000         2.525637392854819         2.525637392854820         2.774921889623499         0.581169311891366         0.581169311891366         0.681468206574200         0.021422385760703         0.021422385760702         0.358599328157321         0.318434158842783         0.318434158842783         0.318434158842783
        0.189000000000000         2.514775684656060         2.514775684656060         2.766843428667038         0.580565384146460         0.580565384146460         0.680647990428259         0.021294467795624         0.021294467795627         0.357814701565397         0.318434158842783         0.318434158842783         0.318434158842783
        0.190000000000000         2.504191833412583         2.504191833412582         2.758870190505926         0.580066703958173         0.580066703958173         0.679843260742669         0.021168342719621         0.021168342719617         0.357033663555131         0.318434158842783         0.318434158842783         0.318434158842783
        0.191000000000000         2.493698336561410         2.493698336561410         2.750991299834376         0.579474903655033         0.579474903655033         0.679053808379183         0.021043973656081         0.021043973656082         0.356256209227561         0.318434158842783         0.318434158842783         0.318434158842783
        0.192000000000000         2.483412248138460         2.483412248138460         2.743200074539027         0.578922115716927         0.578922115716927         0.678279687925401         0.020921324732802         0.020921324732799         0.355482332743500         0.318434158842783         0.318434158842783         0.318434158842783
        0.193000000000000         2.473319525043137         2.473319525043137         2.735503843982368         0.578395768479586         0.578395768479586         0.677520349787647         0.020800361048941         0.020800361048944         0.354712027375628         0.318434158842783         0.318434158842783         0.318434158842783
        0.194000000000000         2.463411677893119         2.463411677893119         2.727900791673013         0.577890788143178         0.577890788143178         0.676775652543134         0.020681048643231         0.020681048643233         0.353945285559206         0.318434158842783         0.318434158842783         0.318434158842783
        0.195000000000000         2.453731253327663         2.453731253327663         2.720378336908490         0.577458747706330         0.577458747706330         0.676045458741580         0.020563354463345         0.020563354463345         0.353182098940555         0.318434158842783         0.318434158842783         0.318434158842783
        0.196000000000000         2.444166198781310         2.444166198781310         2.712944187729483         0.576983086855290         0.576983086855290         0.675329530497370         0.020447246336440         0.020447246336439         0.352422458424125         0.318434158842783         0.318434158842783         0.318434158842783
        0.197000000000000         2.434754134113316         2.434754134113316         2.705596146415806         0.576507936549168         0.576507936549168         0.674627842594965         0.020332692940799         0.020332692940799         0.351666354217592         0.318434158842783         0.318434158842783         0.318434158842783
        0.198000000000000         2.425592665270477         2.425592665270477         2.698327774750584         0.576138321664717         0.576138321664717         0.673940008704863         0.020219663778487         0.020219663778487         0.350913775875477         0.318434158842783         0.318434158842783         0.318434158842783
        0.199000000000000         2.416544699670216         2.416544699670216         2.691132772570410         0.575737820553690         0.575737820553690         0.673265848033483         0.020108129149024         0.020108129149024         0.350164712340891         0.318434158842783         0.318434158842783         0.318434158842783
        0.200000000000000         2.407617368420243         2.407617368420243         2.684018071449075         0.575315804233281         0.575315804233281         0.672605382780624         0.019998060124039         0.019998060124037         0.349419151985637         0.318434158842783         0.318434158842783         0.318434158842783
        0.201000000000000         2.398957315840399         2.398957315840399         2.676979042707708         0.575023530955351         0.575023530955351         0.671958309058397         0.019889428522799         0.019889428522799         0.348677082648970         0.318434158842783         0.318434158842783         0.318434158842783
        0.202000000000000         2.390382789484837         2.390382789484837         2.670015232715630         0.574681205345564         0.574681205345564         0.671324338105621         0.019782206888705         0.019782206888703         0.347938491674430         0.318434158842783         0.318434158842783         0.318434158842783
        0.203000000000000         2.381965517060592         2.381965517060592         2.663121612933453         0.574364746438782         0.574364746438782         0.670703299563754         0.019676368466516         0.019676368466519         0.347203365945292         0.318434158842783         0.318434158842783         0.318434158842783
        0.204000000000000         2.373661084680438         2.373661084680438         2.656301908206636         0.574032538109397         0.574032538109397         0.670096761159668         0.019571887180522         0.019571887180520         0.346471691918544         0.318434158842783         0.318434158842783         0.318434158842783
        0.205000000000000         2.365514647469181         2.365514647469181         2.649549707687124         0.573732005887663         0.573732005887663         0.669499723710652         0.019468737613371         0.019468737613369         0.345743455657373         0.318434158842783         0.318434158842783         0.318434158842783
        0.206000000000000         2.357512695259129         2.357512695259129         2.642867327480064         0.573452419985301         0.573452419985301         0.668916813377224         0.019366894985749         0.019366894985748         0.345018642862042         0.318434158842783         0.318434158842783         0.318434158842783
        0.207000000000000         2.349723894173089         2.349723894173089         2.636249328767277         0.573262385784749         0.573262385784749         0.668345713245654         0.019266335136722         0.019266335136721         0.344297238899758         0.318434158842783         0.318434158842783         0.318434158842783
        0.208000000000000         2.341967709349407         2.341967709349407         2.629696996236115         0.572991441097263         0.572991441097263         0.667786520052236         0.019167034504799         0.019167034504799         0.343579228832665         0.318434158842783         0.318434158842783         0.318434158842783
        0.209000000000000         2.334356381458417         2.334356381458417         2.623207658504315         0.572749849006404         0.572749849006404         0.667239439725022         0.019068970109626         0.019068970109626         0.342864597445124         0.318434158842783         0.318434158842783         0.318434158842783
        0.210000000000000         2.326893434585041         2.326893434585041         2.616782609800282         0.572542166886991         0.572542166886991         0.666704058655642         0.018972119534365         0.018972119534361         0.342153329269081         0.318434158842783         0.318434158842783         0.318434158842783
        0.211000000000000         2.319584620869325         2.319584620869325         2.610417780400160         0.572376287793178         0.572376287793178         0.666180157786079         0.018876460908638         0.018876460908637         0.341445408608729         0.318434158842783         0.318434158842783         0.318434158842783
        0.212000000000000         2.312372415709553         2.312372415709553         2.604116210135380         0.572199828509053         0.572199828509052         0.665667604247679         0.018781972892120         0.018781972892118         0.340740819563689         0.318434158842783         0.318434158842783         0.318434158842783
        0.213000000000000         2.305251622878364         2.305251622878364         2.597865395065932         0.572013161620712         0.572013161620713         0.665158920239925         0.018688634658623         0.018688634658627         0.340039546051064         0.318434158842783         0.318434158842783         0.318434158842783
        0.214000000000000         2.298303801261602         2.298303801261602         2.591681410429650         0.571891208669120         0.571891208669120         0.664668379647701         0.018596425880830         0.018596425880831         0.339341571826434         0.318434158842783         0.318434158842783         0.318434158842783
        0.215000000000000         2.291500357830770         2.291500357830770         2.585552191964688         0.571805705225950         0.571805705225950         0.664195652042767         0.018505326715432         0.018505326715431         0.338646880503730         0.318434158842783         0.318434158842783         0.318434158842783
        0.216000000000000         2.284741696014871         2.284741696014871         2.579478736418114         0.571673842720605         0.571673842720605         0.663726347017728         0.018415317788862         0.018415317788863         0.337955455574031         0.318434158842783         0.318434158842783         0.318434158842783
        0.217000000000000         2.278168740333907         2.278168740333907         2.573459237973704         0.571622410837057         0.571622410837057         0.663267377407650         0.018326380183501         0.018326380183501         0.337267280423457         0.318434158842783         0.318434158842783         0.318434158842783
        0.218000000000000         2.271644368668485         2.271644368668485         2.567494604637155         0.571530279190971         0.571530279190972         0.662818615497221         0.018238495424296         0.018238495424295         0.336582338349973         0.318434158842783         0.318434158842783         0.318434158842783
        0.219000000000000         2.265222159064941         2.265222159064941         2.561579047280319         0.571448398568625         0.571448398568625         0.662379810916046         0.018151645465915         0.018151645465915         0.335900612579354         0.318434158842783         0.318434158842783         0.318434158842783
        0.220000000000000         2.258975896394710         2.258975896394710         2.555718875278340         0.571440967685408         0.571440967685408         0.661950814864811         0.018065812680257         0.018065812680259         0.335222086280104         0.318434158842783         0.318434158842783         0.318434158842783
        0.221000000000000         2.252770086282580         2.252770086282580         2.549904673196694         0.571393188143591         0.571393188143591         0.661531056796743         0.017980979844426         0.017980979844425         0.334546742577738         0.318434158842783         0.318434158842783         0.318434158842783
        0.222000000000000         2.246684570369418         2.246684570369418         2.544149741823199         0.571372604037117         0.571372604037117         0.661120878048949         0.017897130129095         0.017897130129095         0.333874564568018         0.318434158842783         0.318434158842783         0.318434158842783
        0.223000000000000         2.240710005579043         2.240710005579043         2.538440372939186         0.571375747451384         0.571375747451384         0.660720148506824         0.017814247087249         0.017814247087250         0.333205535329515         0.318434158842783         0.318434158842783         0.318434158842783
        0.224000000000000         2.234814718272943         2.234814718272943         2.532775382559166         0.571376972388116         0.571376972388116         0.660328423040785         0.017732314643321         0.017732314643321         0.332539637935316         0.318434158842783         0.318434158842783         0.318434158842783
        0.225000000000000         2.229007603361711         2.229007603361710         2.527161293767050         0.571383222664875         0.571383222664876         0.659945584512168         0.017651317082644         0.017651317082646         0.331876855464134         0.318434158842783         0.318434158842783         0.318434158842783
        0.226000000000000         2.223343075389646         2.223343075389646         2.521596093899185         0.571443078919786         0.571443078919786         0.659571414303035         0.017571239041334         0.017571239041335         0.331217171010527         0.318434158842783         0.318434158842783         0.318434158842783
        0.227000000000000         2.217807987546713         2.217807987546713         2.516076083178754         0.571545694172628         0.571545694172628         0.659206055331639         0.017492065496386         0.017492065496384         0.330560567694671         0.318434158842783         0.318434158842783         0.318434158842783
        0.228000000000000         2.212297167838289         2.212297167838288         2.510600751564529         0.571604960848812         0.571604960848812         0.658847982813837         0.017413781756209         0.017413781756208         0.329907028671217         0.318434158842783         0.318434158842783         0.318434158842783
        0.229000000000000         2.206824342118566         2.206824342118566         2.505170000626913         0.571633807273743         0.571633807273743         0.658498658341774         0.017336373451399         0.017336373451399         0.329256537137833         0.318434158842783         0.318434158842783         0.318434158842783
        0.230000000000000         2.201603450885475         2.201603450885475         2.499782691905123         0.571810070324939         0.571810070324939         0.658157933895365         0.017259826525832         0.017259826525832         0.328609076342845         0.318434158842783         0.318434158842783         0.318434158842783
        0.231000000000000         2.196321739323050         2.196321739323050         2.494438528048384         0.571877097759846         0.571877097759846         0.657824286119669         0.017184127228046         0.017184127228046         0.327964629592653         0.318434158842783         0.318434158842783         0.318434158842783
        0.232000000000000         2.191164510383470         2.191164510383469         2.489138360198000         0.571988289439922         0.571988289439922         0.657498267882156         0.017109262102898         0.017109262102899         0.327323180258264         0.318434158842783         0.318434158842783         0.318434158842783
        0.233000000000000         2.186142930745904         2.186142930745904         2.483879891552523         0.572153405169538         0.572153405169538         0.657179572332922         0.017035217983495         0.017035217983494         0.326684711781670         0.318434158842783         0.318434158842783         0.318434158842783
        0.234000000000000         2.181148684793974         2.181148684793974         2.478659822136593         0.572286176214380         0.572286176214380         0.656868058334421         0.016961981983365         0.016961981983364         0.326049207681380         0.318434158842783         0.318434158842783         0.318434158842783
        0.235000000000000         2.176241631354870         2.176241631354870         2.473481072010751         0.572435679767911         0.572435679767910         0.656563387492098         0.016889541488911         0.016889541488910         0.325416651557754         0.318434158842783         0.318434158842783         0.318434158842783
        0.236000000000000         2.171520952913643         2.171520952913643         2.468342301364538         0.572681831822117         0.572681831822117         0.656265790128904         0.016817884152062         0.016817884152063         0.324787027097886         0.318434158842783         0.318434158842783         0.318434158842783
        0.237000000000000         2.166762079587131         2.166762079587131         2.463245604647260         0.572845488504227         0.572845488504226         0.655974818736063         0.016746997883198         0.016746997883198         0.324160318079844         0.318434158842783         0.318434158842783         0.318434158842783
        0.238000000000000         2.162055020518170         2.162055020518170         2.458183653641556         0.573002581014122         0.573002581014122         0.655686900737004         0.016676870844263         0.016676870844262         0.323536508376760         0.318434158842783         0.318434158842783         0.318434158842783
        0.239000000000000         2.157592127281831         2.157592127281831         2.453149619594497         0.573300127026767         0.573300127026768         0.655409316306775         0.016607491442111         0.016607491442110         0.322915581960435         0.318434158842783         0.318434158842783         0.318434158842783
        0.240000000000000         2.153033644223589         2.153033644223589         2.448172695914431         0.573478651630553         0.573478651630553         0.655140417739000         0.016538848322077         0.016538848322078         0.322297522904611         0.318434158842783         0.318434158842783         0.318434158842783
        0.241000000000000         2.148602998878561         2.148602998878562         2.443211894931329         0.573709360559254         0.573709360559254         0.654874688638886         0.016470930361713         0.016470930361712         0.321682315387838         0.318434158842783         0.318434158842783         0.318434158842783
        0.242000000000000         2.144257763702259         2.144257763702259         2.438297760279256         0.573961216110823         0.573961216110823         0.654614938329941         0.016403726664735         0.016403726664735         0.321069943696148         0.318434158842783         0.318434158842783         0.318434158842783
        0.243000000000000         2.139994453375000         2.139994453375000         2.433417775990204         0.574232485878701         0.574232485878701         0.654361196104154         0.016337226555172         0.016337226555172         0.320460392225332         0.318434158842783         0.318434158842783         0.318434158842783
        0.244000000000000         2.135789072038613         2.135789072038613         2.428574569174790         0.574504621463918         0.574504621463918         0.654113132240644         0.016271419571669         0.016271419571668         0.319853645482947         0.318434158842783         0.318434158842783         0.318434158842783
        0.245000000000000         2.131723346424917         2.131723346424917         2.423747508403100         0.574848859522736         0.574848859522736         0.653871267085884         0.016206295461986         0.016206295461987         0.319249688090071         0.318434158842783         0.318434158842783         0.318434158842783
        0.246000000000000         2.127618989995222         2.127618989995222         2.418972605481105         0.575114819805053         0.575114819805053         0.653634607208838         0.016141844177653         0.016141844177653         0.318648504782802         0.318434158842783         0.318434158842783         0.318434158842783
        0.247000000000000         2.123604501609532         2.123604501609532         2.414232552046554         0.575430077587442         0.575430077587442         0.653404452181003         0.016078055868795         0.016078055868796         0.318050080413498         0.318434158842783         0.318434158842783         0.318434158842783
        0.248000000000000         2.119700164205249         2.119700164205249         2.409562985111796         0.575759777221125         0.575759777221125         0.653179863553757         0.016014920879106         0.016014920879106         0.317454399951847         0.318434158842783         0.318434158842783         0.318434158842783
        0.249000000000000         2.115833873801690         2.115833873801690         2.404892164026433         0.576087687805285         0.576087687805285         0.652961982249277         0.015952429740982         0.015952429740982         0.316861448485585         0.318434158842783         0.318434158842783         0.318434158842783
        0.250000000000000         2.112110699891197         2.112110699891197         2.400254859212033         0.576461715630278         0.576461715630278         0.652750550039873         0.015890573170806         0.015890573170806         0.316271211221283         0.318434158842783         0.318434158842783         0.318434158842783
        0.251000000000000         2.108362934998635         2.108362934998635         2.395652877675381         0.576803109068835         0.576803109068835         0.652546237872281         0.015829342064361         0.015829342064363         0.315683673484621         0.318434158842783         0.318434158842783         0.318434158842783
        0.252000000000000         2.104691419507665         2.104691419507665         2.391098602300578         0.577164434306910         0.577164434306910         0.652359380206944         0.015768727492386         0.015768727492385         0.315098820720707         0.318434158842783         0.318434158842783         0.318434158842783
        0.253000000000000         2.101119061333192         2.101119061333192         2.386567100077553         0.577563879154213         0.577563879154213         0.652171655768076         0.015708720696262         0.015708720696261         0.314516638494240         0.318434158842783         0.318434158842783         0.318434158842783
        0.254000000000000         2.097581611138119         2.097581611138119         2.382088491011776         0.577953731326775         0.577953731326775         0.652004005972338         0.015649313083838         0.015649313083838         0.313937112489308         0.318434158842783         0.318434158842783         0.318434158842783
        0.255000000000000         2.094124655238790         2.094124655238790         2.377634898801850         0.578369281910565         0.578369281910565         0.651838128650143         0.015590496225367         0.015590496225367         0.313360228509339         0.318434158842783         0.318434158842783         0.318434158842783
        0.256000000000000         2.090696508531721         2.090696508531721         2.373224288048323         0.578772112769848         0.578772112769848         0.651686306873765         0.015532261849564         0.015532261849564         0.312785972476718         0.318434158842783         0.318434158842783         0.318434158842783
        0.257000000000000         2.087384663093524         2.087384663093524         2.368859924716211         0.579226879883532         0.579226879883532         0.651551466616613         0.015474601839780         0.015474601839781         0.312214330432271         0.318434158842783         0.318434158842783         0.318434158842783
        0.258000000000000         2.084100700772126         2.084100700772126         2.364549072032812         0.579669622205629         0.579669622205629         0.651438716531867         0.015417508230295         0.015417508230296         0.311645288534840         0.318434158842783         0.318434158842783         0.318434158842783
        0.259000000000000         2.080872845292362         2.080872845292362         2.360303705724650         0.580121558006268         0.580121558006269         0.651357609611557         0.015360973202711         0.015360973202711         0.311078833060493         0.318434158842783         0.318434158842783         0.318434158842783
        0.260000000000000         2.077699318163883         2.077699318163883         2.356149297690761         0.580581777803929         0.580581777803929         0.651326721965699         0.015304989082443         0.015304989082442         0.310514950401820         0.318434158842783         0.318434158842783         0.318434158842783
        0.261000000000000         2.074586743030819         2.074586743030819         2.352108379604829         0.581055575452943         0.581055575452943         0.651362413965262         0.015249548335332         0.015249548335331         0.309953627067069         0.318434158842783         0.318434158842783         0.318434158842783
        0.262000000000000         2.071525544716298         2.071525544716298         2.348152349338099         0.581537223210382         0.581537223210382         0.651445149615375         0.015194643564332         0.015194643564332         0.309394849679209         0.318434158842783         0.318434158842783         0.318434158842783
        0.263000000000000         2.068530977872816         2.068530977872816         2.344277275359998         0.582036944303166         0.582036944303166         0.651566150938858         0.015140267506315         0.015140267506314         0.308838604974914         0.318434158842783         0.318434158842783         0.318434158842783
        0.264000000000000         2.065584898137914         2.065584898137915         2.340473659201972         0.582542280052041         0.582542280052041         0.651723193417731         0.015086413028938         0.015086413028939         0.308284879803523         0.318434158842783         0.318434158842783         0.318434158842783
        0.265000000000000         2.062691429232231         2.062691429232231         2.336733774503854         0.583057227167402         0.583057227167402         0.651906896951694         0.015033073127631         0.015033073127631         0.307733661125843         0.318434158842783         0.318434158842783         0.318434158842783
        0.266000000000000         2.059854550334009         2.059854550334009         2.333060263447040         0.583584424371715         0.583584424371715         0.652120047900204         0.014980240922644         0.014980240922644         0.307184936013015         0.318434158842783         0.318434158842783         0.318434158842783
        0.267000000000000         2.057067492035298         2.057067492035298         2.329449344752436         0.584119939353707         0.584119939353707         0.652359827687774         0.014927909656190         0.014927909656190         0.306638691645237         0.318434158842783         0.318434158842783         0.318434158842783
        0.268000000000000         2.054332450660617         2.054332450660617         2.325897627079365         0.584665750707892         0.584665750707892         0.652623196457302         0.014876072689668         0.014876072689669         0.306094915310472         0.318434158842783         0.318434158842783         0.318434158842783
        0.269000000000000         2.051649472923178         2.051649472923178         2.322404907750604         0.585221940705411         0.585221940705411         0.652910616072999         0.014824723500961         0.014824723500961         0.305553594403152         0.318434158842783         0.318434158842783         0.318434158842783
        0.270000000000000         2.049017945484096         2.049017945484096         2.318970707595857         0.585788533944386         0.585788533944386         0.653221365722217         0.014773855681803         0.014773855681803         0.305014716422793         0.318434158842783         0.318434158842783         0.318434158842783
        0.271000000000000         2.046436377127555         2.046436377127556         2.315590195059772         0.586365009718910         0.586365009718910         0.653552048004721         0.014723462935229         0.014723462935229         0.304478268972591         0.318434158842783         0.318434158842783         0.318434158842783
        0.272000000000000         2.043904650432152         2.043904650432152         2.312264862483706         0.586951750274485         0.586951750274485         0.653904235176377         0.014673539073094         0.014673539073094         0.303944239758036         0.318434158842783         0.318434158842783         0.318434158842783
        0.273000000000000         2.041422014279289         2.041422014279289         2.308992457846471         0.587547912998932         0.587547912998932         0.654274724573465         0.014624078013648         0.014624078013648         0.303412616585441         0.318434158842783         0.318434158842783         0.318434158842783
        0.274000000000000         2.038988205464821         2.038988205464821         2.305773794956342         0.588154886646257         0.588154886646257         0.654664937309642         0.014575073779196         0.014575073779195         0.302883387360527         0.318434158842783         0.318434158842783         0.318434158842783
        0.275000000000000         2.036600613402022         2.036600613402022         2.302603742744720         0.588769766189197         0.588769766189197         0.655071308184796         0.014526520493800         0.014526520493801         0.302356540086877         0.318434158842783         0.318434158842783         0.318434158842783
        0.276000000000000         2.034262872503176         2.034262872503176         2.299491028755186         0.589395885817114         0.589395885817114         0.655498891138718         0.014478412381068         0.014478412381068         0.301832062864516         0.318434158842783         0.318434158842783         0.318434158842783
        0.277000000000000         2.031971153987973         2.031971153987973         2.296426668337449         0.590031746735692         0.590031746735692         0.655942183688995         0.014430743761290         0.014430743761290         0.301309943888389         0.318434158842783         0.318434158842783         0.318434158842783
        0.278000000000000         2.029726525048326         2.029726525048325         2.293407574904509         0.590676299158577         0.590676299158577         0.656403612031369         0.014383509052092         0.014383509052092         0.300790171446889         0.318434158842783         0.318434158842783         0.318434158842783
        0.279000000000000         2.027527670387023         2.027527670387023         2.290444118984075         0.591331667911093         0.591331667911093         0.656881400154526         0.014336702762246         0.014336702762246         0.300272733920305         0.318434158842783         0.318434158842783         0.318434158842783
        0.280000000000000         2.025373760335700         2.025373760335700         2.287526309820770         0.591995768244316         0.591995768244316         0.657374764906490         0.014290319492437         0.014290319492437         0.299757619779356         0.318434158842783         0.318434158842783         0.318434158842783
        0.281000000000000         2.023266120684726         2.023266120684726         2.284656896069829         0.592670162609669         0.592670162609669         0.657883873971611         0.014244353932626         0.014244353932626         0.299244817583692         0.318434158842783         0.318434158842783         0.318434158842783
        0.282000000000000         2.021203096747923         2.021203096747923         2.281834198678908         0.593354218234259         0.593354218234259         0.658408233082841         0.014198800860162         0.014198800860162         0.298734315980380         0.318434158842783         0.318434158842783         0.318434158842783
        0.283000000000000         2.019183350293654         2.019183350293654         2.279057895882924         0.594047328083701         0.594047328083701         0.658947705876121         0.014153655137934         0.014153655137934         0.298226103702419         0.318434158842783         0.318434158842783         0.318434158842783
        0.284000000000000         2.017201327950245         2.017201327950245         2.276328863238440         0.594745723844263         0.594745723844263         0.659501857673319         0.014108911712583         0.014108911712583         0.297720169567283         0.318434158842783         0.318434158842783         0.318434158842783
        0.285000000000000         2.015267871354455         2.015267871354455         2.273644547963952         0.595456784104319         0.595456784104319         0.660070131082934         0.014064565612748         0.014064565612748         0.297216502475424         0.318434158842783         0.318434158842783         0.318434158842783
        0.286000000000000         2.013376742134702         2.013376742134702         2.271006318106143         0.596177333557621         0.596177333557621         0.660652890289492         0.014020611947369         0.014020611947369         0.296715091408812         0.318434158842783         0.318434158842783         0.318434158842783
        0.287000000000000         2.011527651614156         2.011527651614156         2.268414057264537         0.596907287347535         0.596907287347535         0.661249789209046         0.013977045904020         0.013977045904020         0.296215925429507         0.318434158842783         0.318434158842783         0.318434158842783
        0.288000000000000         2.009720081720244         2.009720081720244         2.265865096880424         0.597646012038671         0.597646012038671         0.661860091865726         0.013933862747302         0.013933862747302         0.295718993678209         0.318434158842783         0.318434158842783         0.318434158842783
        0.289000000000000         2.007953671786348         2.007953671786348         2.263360185689062         0.598393767688076         0.598393767688076         0.662483813726694         0.013891057817261         0.013891057817262         0.295224285372858         0.318434158842783         0.318434158842783         0.318434158842783
        0.290000000000000         2.006227786663136         2.006227786663136         2.260898278925992         0.599150511152888         0.599150511152888         0.663120733714256         0.013848626528424         0.013848626528423         0.294731789807240         0.318434158842783         0.318434158842783         0.318434158842783
        0.291000000000000         2.004542222307342         2.004542222307342         2.258479565041063         0.599916085174809         0.599916085174809         0.663770326144380         0.013806564366014         0.013806564366015         0.294241496349559         0.318434158842783         0.318434158842783         0.318434158842783
        0.292000000000000         2.002903100501929         2.002903100501929         2.256104530831189         0.600694734348247         0.600694734348247         0.664433034388382         0.013764866887946         0.013764866887946         0.293753394441136         0.318434158842783         0.318434158842783         0.318434158842783
        0.293000000000000         2.001297129030367         2.001297129030366         2.253771507810701         0.601478334572557         0.601478334572557         0.665108699894884         0.013723529721081         0.013723529721081         0.293267473595045         0.318434158842783         0.318434158842783         0.318434158842783
        0.294000000000000         1.999730317426079         1.999730317426079         2.251480668714709         0.602270612050143         0.602270612050143         0.665796406838697         0.013682548560433         0.013682548560433         0.292783723394776         0.318434158842783         0.318434158842783         0.318434158842783
        0.295000000000000         1.998202127497738         1.998202127497738         2.249231247360729         0.603071661441741         0.603071661441741         0.666496369728361         0.013641919167807         0.013641919167808         0.292302133492961         0.318434158842783         0.318434158842783         0.318434158842783
        0.296000000000000         1.996712278604280         1.996712278604280         2.247023207728621         0.603881433239545         0.603881433239545         0.667208404591563         0.013601637370484         0.013601637370485         0.291822693610061         0.318434158842783         0.318434158842783         0.318434158842783
        0.297000000000000         1.995260330219683         1.995260330219683         2.244856009310836         0.604699889081792         0.604699889081792         0.667932364532538         0.013561699059934         0.013561699059934         0.291345393533157         0.318434158842783         0.318434158842783         0.318434158842783
        0.298000000000000         1.993839432075923         1.993839432075922         2.242729403451947         0.605522800834843         0.605522800834843         0.668668047241319         0.013522100190555         0.013522100190556         0.290870223114669         0.318434158842783         0.318434158842783         0.318434158842783
        0.299000000000000         1.992462201233614         1.992462201233614         2.240643147317891         0.606358453185664         0.606358453185664         0.669415355830072         0.013482836778461         0.013482836778461         0.290397172271190         0.318434158842783         0.318434158842783         0.318434158842783
        0.300000000000000         1.991121586290459         1.991121586290459         2.238596727949730         0.607202674799004         0.607202674799004         0.670173850403757         0.013443904900270         0.013443904900270         0.289926230982257         0.318434158842783         0.318434158842783         0.318434158842783
