                   T[GeV]                  tauU[fm]                  tauD[fm]                  tauS[fm]               tauUBar[fm]               tauDBar[fm]               tauSBar[fm]                effMU[GeV]                effMD[GeV]                effMS[GeV]               effCPU[GeV]               effCPD[GeV]               effCPS[GeV]
        0.120000000000000        31.971848338835247        31.971848338835247        38.330111903852547        31.971848338835247        31.971848338835247        38.330111903852554         0.344727991767736         0.344727991767736         0.536629920733286         0.000000000000000         0.000000000000000         0.000000000000000
        0.121000000000000        30.830151203679151        30.830151203679701        36.882396928674204        30.830151203679151        30.830151203679712        36.882396928674204         0.343795051483527         0.343795051483537         0.536088839842219         0.000000000000000         0.000000000000000         0.000000000000000
        0.122000000000000        29.745587285338260        29.745587285336889        35.509621020934603        29.745587285338264        29.745587285336889        35.509621020934610         0.342835955221808         0.342835955221782         0.535532306189432         0.000000000000000         0.000000000000000         0.000000000000000
        0.123000000000000        28.714559325980069        28.714559325976776        34.206960087192314        28.714559325980066        28.714559325976776        34.206960087192321         0.341850265148218         0.341850265148152         0.534960097253699         0.000000000000000         0.000000000000000         0.000000000000000
        0.124000000000000        27.733642973136000        27.733642973137037        32.969979872386169        27.733642973136000        27.733642973137037        32.969979872386176         0.340837529733164         0.340837529733186         0.534371987871091         0.000000000000000         0.000000000000000         0.000000000000000
        0.125000000000000        26.799851675332306        26.799851675329510        31.794541785057778        26.799851675332313        26.799851675329510        31.794541785057792         0.339797289331677         0.339797289331615         0.533767752475648         0.000000000000000         0.000000000000000         0.000000000000000
        0.126000000000000        25.910314689902702        25.910314689901746        30.676840491223224        25.910314689902702        25.910314689901750        30.676840491223217         0.338729075738329         0.338729075738307         0.533147165055334         0.000000000000000         0.000000000000000         0.000000000000000
        0.127000000000000        25.062151289147678        25.062151289149625        29.613337862454927        25.062151289147682        25.062151289149625        29.613337862454927         0.337632411728237         0.337632411728284         0.532509999110120         0.000000000000000         0.000000000000000         0.000000000000000
        0.128000000000000        24.253610153603855        24.253610153604825        28.600672529561141        24.253610153603862        24.253610153604829        28.600672529561137         0.336506810576786         0.336506810576811         0.531856027610983         0.000000000000000         0.000000000000000         0.000000000000000
        0.129000000000000        23.481695455647493        23.481695455647493        27.635833748310777        23.481695455647493        23.481695455647493        27.635833748310780         0.335351761278277         0.335351761278277         0.531185017655580         0.000000000000000         0.000000000000000         0.000000000000000
        0.130000000000000        22.744511855114027        22.744511855114034        26.715944948826913        22.744511855114020        22.744511855114041        26.715944948826909         0.334166783789209         0.334166783789209         0.530496751164170         0.000000000000000         0.000000000000000         0.000000000000000
        0.131000000000000        22.040079611819273        22.040079611819273        25.838448093197485        22.040079611819266        22.040079611819266        25.838448093197488         0.332951346826023         0.332951346826023         0.529790994461132         0.000000000000000         0.000000000000000         0.000000000000000
        0.132000000000000        21.366605066855264        21.366605066855264        25.000857797053037        21.366605066855264        21.366605066855268        25.000857797053037         0.331704920520940         0.331704920520940         0.529067518061454         0.000000000000000         0.000000000000000         0.000000000000000
        0.133000000000000        20.722257334867013        20.722257334867010        24.200863427538184        20.722257334867006        20.722257334867010        24.200863427538192         0.330426962839102         0.330426962839102         0.528326091802936         0.000000000000000         0.000000000000000         0.000000000000000
        0.134000000000000        20.105549643044967        20.105549643044974        23.436341888658959        20.105549643044963        20.105549643044977        23.436341888658959         0.329116918983539         0.329116918983539         0.527566484831719         0.000000000000000         0.000000000000000         0.000000000000000
        0.135000000000000        19.514804366417138        19.514804366417138        22.705293294299342        19.514804366417138        19.514804366417138        22.705293294299342         0.327774220777900         0.327774220777900         0.526788465594838         0.000000000000000         0.000000000000000         0.000000000000000
        0.136000000000000        18.948624612967077        18.948624612967073        22.005866453033281        18.948624612967073        18.948624612967073        22.005866453033281         0.326398286026195         0.326398286026195         0.525991801840837         0.000000000000000         0.000000000000000         0.000000000000000
        0.137000000000000        18.405835352652200        18.405835352652193        21.336329581534759        18.405835352652204        18.405835352652197        21.336329581534756         0.324988517848819         0.324988517848819         0.525176260629565         0.000000000000000         0.000000000000000         0.000000000000000
        0.138000000000000        17.885199066998080        17.885199066998080        20.695046003384117        17.885199066998076        17.885199066998076        20.695046003384117         0.323544303994177         0.323544303994177         0.524341608352435         0.000000000000000         0.000000000000000         0.000000000000000
        0.139000000000000        17.385322488112173        17.385322488112173        20.080506270230408        17.385322488112177        17.385322488112173        20.080506270230408         0.322065016125288         0.322065016125288         0.523487610764529         0.000000000000000         0.000000000000000         0.000000000000000
        0.140000000000000        16.905314767855639        16.905314767855639        19.491277736365785        16.905314767855639        16.905314767855643        19.491277736365781         0.320550009080834         0.320550009080834         0.522614033030146         0.000000000000000         0.000000000000000         0.000000000000000
        0.141000000000000        16.444150077228567        16.444150077228574        18.926029428859131        16.444150077228564        16.444150077228571        18.926029428859128         0.318998620110208         0.318998620110208         0.521720639783538         0.000000000000000         0.000000000000000         0.000000000000000
        0.142000000000000        16.000855884299781        16.000855884299785        18.383540269439422        16.000855884299781        16.000855884299789        18.383540269439418         0.317410168082292         0.317410168082292         0.520807195206801         0.000000000000000         0.000000000000000         0.000000000000000
        0.143000000000000        15.574453932502720        15.574453932502719        17.862586945382027        15.574453932502717        15.574453932502719        17.862586945382024         0.315783952667850         0.315783952667850         0.519873463127142         0.000000000000000         0.000000000000000         0.000000000000000
        0.144000000000000        15.164143456190519        15.164143456190519        17.362074468916202        15.164143456190519        15.164143456190519        17.362074468916198         0.314119253495651         0.314119253495651         0.518919207135987         0.000000000000000         0.000000000000000         0.000000000000000
        0.145000000000000        14.769082187977894        14.769082187977892        16.880984013868538        14.769082187977892        14.769082187977892        16.880984013868538         0.312415329282733         0.312415329282733         0.517944190732713         0.000000000000000         0.000000000000000         0.000000000000000
        0.146000000000000        14.388593432408607        14.388593432408609        16.418336708056643        14.388593432408607        14.388593432408609        16.418336708056643         0.310671416939571         0.310671416939571         0.516948177496138         0.000000000000000         0.000000000000000         0.000000000000000
        0.147000000000000        14.021894345087027        14.021894345087032        15.973191858778909        14.021894345087027        14.021894345087032        15.973191858778911         0.308886730651320         0.308886730651320         0.515930931287286         0.000000000000000         0.000000000000000         0.000000000000000
        0.148000000000000        13.668339749798294        13.668339749798289        15.544774642233907        13.668339749798294        13.668339749798289        15.544774642233909         0.307060460936863         0.307060460936862         0.514892216487387         0.000000000000000         0.000000000000000         0.000000000000000
        0.149000000000000        13.327273894323842        13.327273894323840        15.132180101312183        13.327273894323843        13.327273894323838        15.132180101312183         0.305191773688015         0.305191773688015         0.513831798275590         0.000000000000000         0.000000000000000         0.000000000000000
        0.150000000000000        12.998100481770898        12.998100481770891        14.734674542596720        12.998100481770898        12.998100481770891        14.734674542596721         0.303279809192057         0.303279809192057         0.512749442951416         0.000000000000000         0.000000000000000         0.000000000000000
        0.151000000000000        12.680248687830721        12.680248687830721        14.351536983459587        12.680248687830719        12.680248687830719        14.351536983459589         0.301323681141653         0.301323681141653         0.511644918307654         0.000000000000000         0.000000000000000         0.000000000000000
        0.152000000000000        12.373176000357901        12.373176000357901        13.982109696283079        12.373176000357901        12.373176000357901        13.982109696283079         0.299322475637435         0.299322475637436         0.510517994060121         0.000000000000000         0.000000000000000         0.000000000000000
        0.153000000000000        12.076363591594237        12.076363591594271        13.625670893910716        12.076363591594237        12.076363591594273        13.625670893910717         0.297275250189873         0.297275250189874         0.509368442341547         0.000000000000000         0.000000000000000         0.000000000000000
        0.154000000000000        11.789313973091907        11.789313973091907        13.281694036762136        11.789313973091907        11.789313973091907        13.281694036762138         0.295181032728752         0.295181032728752         0.508196038267809         0.000000000000000         0.000000000000000         0.000000000000000
        0.155000000000000        11.511585037176717        11.511585037176719        12.949577060005307        11.511585037176717        11.511585037176719        12.949577060005309         0.293038820630574         0.293038820630575         0.507000560585815         0.000000000000000         0.000000000000000         0.000000000000000
        0.156000000000000        11.242662827761478        11.242662827761478        12.628817032084482        11.242662827761478        11.242662827761476        12.628817032084482         0.290847579776631         0.290847579776632         0.505781792413546         0.000000000000000         0.000000000000000         0.000000000000000
        0.157000000000000        10.982286497228998        10.982286497228998        12.318784566981870        10.982286497228994        10.982286497228994        12.318784566981870         0.288606243657474         0.288606243657475         0.504539522084220         0.000000000000000         0.000000000000000         0.000000000000000
        0.158000000000000        10.729913078422996        10.729913078422994        12.019090267750952        10.729913078422994        10.729913078422996        12.019090267750951         0.286313712542841         0.286313712542840         0.503273544108036         0.000000000000000         0.000000000000000         0.000000000000000
        0.159000000000000        10.485116006792584        10.485116006792586        11.729270883643565        10.485116006792584        10.485116006792582        11.729270883643562         0.283968852740596         0.283968852740596         0.501983660266867         0.000000000000000         0.000000000000000         0.000000000000000
        0.160000000000000        10.247613860065226        10.247613860065250        11.448867960104836        10.247613860065227        10.247613860065250        11.448867960104835         0.281570495972892         0.281570495972893         0.500669680859214         0.000000000000000         0.000000000000000         0.000000000000000
        0.161000000000000        10.017021589912341        10.017021589912341        11.177465287694206        10.017021589912341        10.017021589912341        11.177465287694208         0.279117438904260         0.279117438904259         0.499331426115113         0.000000000000000         0.000000000000000         0.000000000000000
        0.162000000000000         9.792939388265538         9.792939388265538        10.914690602252167         9.792939388265538         9.792939388265538        10.914690602252167         0.276608442863181         0.276608442863180         0.497968727803280         0.000000000000000         0.000000000000000         0.000000000000000
        0.163000000000000         9.575070154355059         9.575070154355039        10.660139979567234         9.575070154355060         9.575070154355041        10.660139979567234         0.274042233807685         0.274042233807685         0.496581431055742         0.000000000000000         0.000000000000000         0.000000000000000
        0.164000000000000         9.363073363766009         9.363073363766009        10.413474854793639         9.363073363766008         9.363073363766009        10.413474854793639         0.271417502595679         0.271417502595680         0.495169396438526         0.000000000000000         0.000000000000000         0.000000000000000
        0.165000000000000         9.156575309943491         9.156575309943491        10.174352643964145         9.156575309943491         9.156575309943491        10.174352643964147         0.268732905633380         0.268732905633380         0.493732502300734         0.000000000000000         0.000000000000000         0.000000000000000
        0.166000000000000         8.955233550483753         8.955233550483751         9.942458145765121         8.955233550483751         8.955233550483751         9.942458145765123         0.265987065989761         0.265987065989761         0.492270647438460         0.000000000000000         0.000000000000000         0.000000000000000
        0.167000000000000         8.758778050632245         8.758778050632230         9.717488350588361         8.758778050632245         8.758778050632229         9.717488350588363         0.263178575083133         0.263178575083131         0.490783754114749         0.000000000000000         0.000000000000000         0.000000000000000
        0.168000000000000         8.566741194831105         8.566741194831092         9.499146822820130         8.566741194831108         8.566741194831092         9.499146822820132         0.260305995066293         0.260305995066291         0.489271771481755         0.000000000000000         0.000000000000000         0.000000000000000
        0.169000000000000         8.378901453483802         8.378901453483801         9.287149048622101         8.378901453483801         8.378901453483801         9.287149048622101         0.257367862062720         0.257367862062720         0.487734679457042         0.000000000000000         0.000000000000000         0.000000000000000
        0.170000000000000         8.193555073849931         8.193555073849968         9.081254165056562         8.193555073849931         8.193555073849968         9.081254165056562         0.254362690435109         0.254362690435114         0.486172493111863         0.000000000000000         0.000000000000000         0.000000000000000
        0.171000000000000         8.014154572393513         8.014154572393551         8.881200709040135         8.014154572393513         8.014154572393551         8.881200709040133         0.251288978303297         0.251288978303303         0.484585267635748         0.000000000000000         0.000000000000000         0.000000000000000
        0.172000000000000         7.835949617072652         7.835949617072629         8.686750380118484         7.835949617072651         7.835949617072629         8.686750380118484         0.248145214569400         0.248145214569396         0.482973103948371         0.000000000000000         0.000000000000000         0.000000000000000
        0.173000000000000         7.658035217298241         7.658035217298253         8.497674877714243         7.658035217298241         7.658035217298253         8.497674877714241         0.244929887756800         0.244929887756803         0.481336155036334         0.000000000000000         0.000000000000000         0.000000000000000
        0.174000000000000         7.484766562862561         7.484766562862561         8.313755539368254         7.484766562862561         7.484766562862561         8.313755539368255         0.241641497025560         0.241641497025560         0.479674633098921         0.000000000000000         0.000000000000000         0.000000000000000
        0.175000000000000         7.311807411028556         7.311807411028546         8.134785900443912         7.311807411028557         7.311807411028547         8.134785900443910         0.238278565790860         0.238278565790858         0.477988817592291         0.000000000000000         0.000000000000000         0.000000000000000
        0.176000000000000         7.143064029931756         7.143064029931789         7.960576795584128         7.143064029931755         7.143064029931790         7.960576795584128         0.234839658446289         0.234839658446299         0.476279064265762         0.000000000000000         0.000000000000000         0.000000000000000
        0.177000000000000         6.969034358345946         6.969034358345955         7.790929299902267         6.969034358345946         6.969034358345955         7.790929299902268         0.231323400773968         0.231323400773971         0.474545815284879         0.000000000000000         0.000000000000000         0.000000000000000
        0.178000000000000         6.789030820888425         6.789030820888410         7.625669593954456         6.789030820888425         6.789030820888409         7.625669593954457         0.227728504716798         0.227728504716795         0.472789610533641         0.000000000000000         0.000000000000000         0.000000000000000
        0.179000000000000         6.607426907160677         6.607426907160644         7.464617612335720         6.607426907160676         6.607426907160644         7.464617612335718         0.224053798282141         0.224053798282133         0.471011100179175         0.000000000000000         0.000000000000000         0.000000000000000
        0.180000000000000         6.418109335919078         6.418109335919025         7.307634347686926         6.418109335919078         6.418109335919024         7.307634347686925         0.220298261446767         0.220298261446755         0.469211058564832         0.000000000000000         0.000000000000000         0.000000000000000
        0.181000000000000         6.242911247403583         6.242911247403604         7.154550264127369         6.242911247403583         6.242911247403605         7.154550264127368         0.216461069026003         0.216461069026010         0.467390399468042         0.000000000000000         0.000000000000000         0.000000000000000
        0.182000000000000         6.094022185269479         6.094022185269451         7.005211174093577         6.094022185269480         6.094022185269452         7.005211174093575         0.212541641548085         0.212541641548078         0.465550192712835         0.000000000000000         0.000000000000000         0.000000000000000
        0.183000000000000         5.958753485448903         5.958753485448936         6.859494185308428         5.958753485448903         5.958753485448937         6.859494185308428         0.208539705221076         0.208539705221085         0.463691682058216         0.000000000000000         0.000000000000000         0.000000000000000
        0.184000000000000         5.833136058477197         5.833136058477153         6.717257948547519         5.833136058477197         5.833136058477153         6.717257948547520         0.204455362072204         0.204455362072191         0.461816304186264         0.000000000000000         0.000000000000000         0.000000000000000
        0.185000000000000         5.715634798645987         5.715634798645982         6.578398314641600         5.715634798645987         5.715634798645982         6.578398314641600         0.200289171240609         0.200289171240608         0.459925708478951         0.000000000000000         0.000000000000000         0.000000000000000
        0.186000000000000         5.604375747645481         5.604375747645514         6.442769785029226         5.604375747645481         5.604375747645513         6.442769785029227         0.196042242172332         0.196042242172343         0.458021777093253         0.000000000000000         0.000000000000000         0.000000000000000
        0.187000000000000         5.498546132237257         5.498546132237278         6.310295782276075         5.498546132237257         5.498546132237277         6.310295782276076         0.191716340054653         0.191716340054661         0.456106644612523         0.000000000000000         0.000000000000000         0.000000000000000
        0.188000000000000         5.397351479521637         5.397351479521607         6.180865019710116         5.397351479521637         5.397351479521607         6.180865019710116         0.187314003136303         0.187314003136291         0.454182716260679         0.000000000000000         0.000000000000000         0.000000000000000
        0.189000000000000         5.300154220667979         5.300154220668026         6.054402714253856         5.300154220667980         5.300154220668026         6.054402714253856         0.182838670578581         0.182838670578600         0.452252683318643         0.000000000000000         0.000000000000000         0.000000000000000
        0.190000000000000         5.206405382071924         5.206405382071965         5.930792706413966         5.206405382071923         5.206405382071966         5.930792706413967         0.178294818047042         0.178294818047060         0.450319533985202         0.000000000000000         0.000000000000000         0.000000000000000
        0.191000000000000         5.115634146703542         5.115634146703582         5.810028872381921         5.115634146703541         5.115634146703582         5.810028872381921         0.173688096361875         0.173688096361893         0.448386557505619         0.000000000000000         0.000000000000000         0.000000000000000
        0.192000000000000         5.027447716149032         5.027447716149055         5.691904358930928         5.027447716149031         5.027447716149055         5.691904358930927         0.169025466154747         0.169025466154759         0.446457338997782         0.000000000000000         0.000000000000000         0.000000000000000
        0.193000000000000         4.941471117075494         4.941471117075501         5.576496004054962         4.941471117075494         4.941471117075500         5.576496004054963         0.164315318705333         0.164315318705336         0.444535742113136         0.000000000000000         0.000000000000000         0.000000000000000
        0.194000000000000         4.857397935301115         4.857397935301183         5.463703595516704         4.857397935301115         4.857397935301183         5.463703595516704         0.159567570207094         0.159567570207133         0.442625876590202         0.000000000000000         0.000000000000000         0.000000000000000
        0.195000000000000         4.774931453620154         4.774931453620122         5.353470419008405         4.774931453620153         4.774931453620122         5.353470419008405         0.154793714013934         0.154793714013916         0.440732048023778         0.000000000000000         0.000000000000000         0.000000000000000
        0.196000000000000         4.693830620752023         4.693830620751996         5.245746396300349         4.693830620752022         4.693830620751996         5.245746396300349         0.150006813635018         0.150006813635000         0.438858687932699         0.000000000000000         0.000000000000000         0.000000000000000
        0.197000000000000         4.613880685036791         4.613880685036782         5.140481617175551         4.613880685036791         4.613880685036782         5.140481617175551         0.145221419160926         0.145221419160921         0.437010263578743         0.000000000000000         0.000000000000000         0.000000000000000
        0.198000000000000         4.534890084018676         4.534890084018684         5.037592251481682         4.534890084018676         4.534890084018684         5.037592251481682         0.140453392348327         0.140453392348334         0.435191169005873         0.000000000000000         0.000000000000000         0.000000000000000
        0.199000000000000         4.456696553723968         4.456696553723944         4.936997503670479         4.456696553723967         4.456696553723945         4.936997503670479         0.135719631438734         0.135719631438716         0.433405601321967         0.000000000000000         0.000000000000000         0.000000000000000
        0.200000000000000         4.379146779692006         4.379146779692039         4.838587800268130         4.379146779692006         4.379146779692039         4.838587800268129         0.131037696161232         0.131037696161263         0.431657429029743         0.000000000000000         0.000000000000000         0.000000000000000
        0.201000000000000         4.302101284653904         4.302101284653938         4.742196218727901         4.302101284653904         4.302101284653938         4.742196218727902         0.126425345548882         0.126425345548916         0.429950061723424         0.000000000000000         0.000000000000000         0.000000000000000
        0.202000000000000         4.225399104570287         4.225399104570308         4.647597813859411         4.225399104570287         4.225399104570308         4.647597813859411         0.121900014454197         0.121900014454218         0.428286332080481         0.000000000000000         0.000000000000000         0.000000000000000
        0.203000000000000         4.148857699616262         4.148857699616274         4.554516943723329         4.148857699616263         4.148857699616274         4.554516943723329         0.117478266395261         0.117478266395273         0.426668401212990         0.000000000000000         0.000000000000000         0.000000000000000
        0.204000000000000         4.072196010971656         4.072196010971649         4.462391278727605         4.072196010971657         4.072196010971649         4.462391278727605         0.113175267648714         0.113175267648703         0.425097696772461         0.000000000000000         0.000000000000000         0.000000000000000
        0.205000000000000         3.995013958396269         3.995013958396262         4.370681787795323         3.995013958396268         3.995013958396262         4.370681787795323         0.109004328123916         0.109004328123905         0.423574889829750         0.000000000000000         0.000000000000000         0.000000000000000
        0.206000000000000         3.916722879980074         3.916722879980070         4.278389382715432         3.916722879980073         3.916722879980070         4.278389382715432         0.104976547711541         0.104976547711537         0.422099912044357         0.000000000000000         0.000000000000000         0.000000000000000
        0.207000000000000         3.836276894217088         3.836276894217088         4.183959307720681         3.836276894217088         3.836276894217088         4.183959307720680         0.101100593735579         0.101100593735579         0.420672009912310         0.000000000000000         0.000000000000000         0.000000000000000
        0.208000000000000         3.751893558485780         3.751893558485780         4.084764869681743         3.751893558485780         3.751893558485780         4.084764869681743         0.097382618491383         0.097382618491382         0.419289828874441         0.000000000000000         0.000000000000000         0.000000000000000
        0.209000000000000         3.660076408219185         3.660076408219183         3.975676286412197         3.660076408219185         3.660076408219183         3.975676286412198         0.093826309452518         0.093826309452513         0.417951517552647         0.000000000000000         0.000000000000000         0.000000000000000
        0.210000000000000         3.553547343623820         3.553547343623819         3.848472628610591         3.553547343623820         3.553547343623820         3.848472628610591         0.090433051355669         0.090433051355670         0.416654841595764         0.000000000000000         0.000000000000000         0.000000000000000
        0.211000000000000         3.426954807102811         3.426954807102812         3.756757223922899         3.426954807102811         3.426954807102812         3.756757223922899         0.087202171251259         0.087202171251262         0.415397297449130         0.000000000000000         0.000000000000000         0.000000000000000
        0.212000000000000         3.220848795836955         3.220848795836957         3.691444348395665         3.220848795836955         3.220848795836957         3.691444348395666         0.084131234941689         0.084131234941695         0.414176218307495         0.000000000000000         0.000000000000000         0.000000000000000
        0.213000000000000         3.109318708300215         3.109318708300215         3.639481554421252         3.109318708300215         3.109318708300215         3.639481554421251         0.081216365233026         0.081216365233026         0.412988866982577         0.000000000000000         0.000000000000000         0.000000000000000
        0.214000000000000         3.034407784197129         3.034407784197131         3.596476436585420         3.034407784197130         3.034407784197131         3.596476436585420         0.078452557511797         0.078452557511797         0.411832512878700         0.000000000000000         0.000000000000000         0.000000000000000
        0.215000000000000         2.977869328901746         2.977869328901746         3.560031326684481         2.977869328901746         2.977869328901746         3.560031326684481         0.075833974662181         0.075833974662182         0.410704492355281         0.000000000000000         0.000000000000000         0.000000000000000
        0.216000000000000         2.932904414414391         2.932904414414392         3.528697629266735         2.932904414414391         2.932904414414392         3.528697629266734         0.073354209878513         0.073354209878515         0.409602253289090         0.000000000000000         0.000000000000000         0.000000000000000
        0.217000000000000         2.896057369914209         2.896057369914209         3.501383153244239         2.896057369914209         2.896057369914209         3.501383153244240         0.071006511617078         0.071006511617078         0.408523385611999         0.000000000000000         0.000000000000000         0.000000000000000
        0.218000000000000         2.865284402451621         2.865284402451621         3.477367819475877         2.865284402451621         2.865284402451621         3.477367819475877         0.068783969337426         0.068783969337427         0.407465640072308         0.000000000000000         0.000000000000000         0.000000000000000
        0.219000000000000         2.839185261050499         2.839185261050499         3.456087997264172         2.839185261050500         2.839185261050499         3.456087997264172         0.066679661744582         0.066679661744582         0.406426937572369         0.000000000000000         0.000000000000000         0.000000000000000
        0.220000000000000         2.816887945741550         2.816887945741549         3.437082489627080         2.816887945741549         2.816887945741549         3.437082489627080         0.064686771110788         0.064686771110788         0.405405371298873         0.000000000000000         0.000000000000000         0.000000000000000
        0.221000000000000         2.797684337469462         2.797684337469453         3.420101512643805         2.797684337469462         2.797684337469453         3.420101512643805         0.062798684456693         0.062798684456620         0.404399196478192         0.000000000000000         0.000000000000000         0.000000000000000
        0.222000000000000         2.781086567432280         2.781086567432259         3.404799017120448         2.781086567432279         2.781086567432258         3.404799017120449         0.061008983822317         0.061008983822145         0.403406853710798         0.000000000000000         0.000000000000000         0.000000000000000
        0.223000000000000         2.766693010183717         2.766693010183718         3.390955744957932         2.766693010183717         2.766693010183717         3.390955744957931         0.059311600054586         0.059311600054586         0.402426911931385         0.000000000000000         0.000000000000000         0.000000000000000
        0.224000000000000         2.754207394743597         2.754207394743597         3.378414748751708         2.754207394743597         2.754207394743597         3.378414748751708         0.057700754268048         0.057700754268049         0.401458091955859         0.000000000000000         0.000000000000000         0.000000000000000
        0.225000000000000         2.743381593777815         2.743381593777805         3.367028584236917         2.743381593777815         2.743381593777805         3.367028584236917         0.056170992642908         0.056170992642818         0.400499246306517         0.000000000000000         0.000000000000000         0.000000000000000
        0.226000000000000         2.734017275460186         2.734017275460204         3.356670069207159         2.734017275460186         2.734017275460204         3.356670069207159         0.054717188949281         0.054717188949454         0.399549348039865         0.000000000000000         0.000000000000000         0.000000000000000
        0.227000000000000         2.725947900482490         2.725947900482494         3.347236206596767         2.725947900482489         2.725947900482494         3.347236206596767         0.053334540206002         0.053334540206036         0.398607479855120         0.000000000000000         0.000000000000000         0.000000000000000
        0.228000000000000         2.719058508403998         2.719058508403998         3.338627496486314         2.719058508403998         2.719058508403998         3.338627496486314         0.052018557454302         0.052018557454302         0.397672823719969         0.000000000000000         0.000000000000000         0.000000000000000
        0.229000000000000         2.713206135687276         2.713206135687277         3.330784488419202         2.713206135687276         2.713206135687277         3.330784488419201         0.050765053211905         0.050765053211914         0.396744651146494         0.000000000000000         0.000000000000000         0.000000000000000
        0.230000000000000         2.708277118642548         2.708277118642548         3.323636964638980         2.708277118642548         2.708277118642548         3.323636964638980         0.049570126792682         0.049570126792685         0.395822314199259         0.000000000000000         0.000000000000000         0.000000000000000
        0.231000000000000         2.704235398381397         2.704235398381399         3.317130342584116         2.704235398381398         2.704235398381399         3.317130342584116         0.048430148406841         0.048430148406861         0.394905237259540         0.000000000000000         0.000000000000000         0.000000000000000
        0.232000000000000         2.700985569179761         2.700985569179763         3.311214586806855         2.700985569179761         2.700985569179762         3.311214586806855         0.047341742726297         0.047341742726315         0.393992909526907         0.000000000000000         0.000000000000000         0.000000000000000
        0.233000000000000         2.698462688164387         2.698462688164386         3.305849582354407         2.698462688164387         2.698462688164386         3.305849582354407         0.046301772397946         0.046301772397930         0.393084878244106         0.000000000000000         0.000000000000000         0.000000000000000
        0.234000000000000         2.696619241006894         2.696619241006894         3.300998018785409         2.696619241006894         2.696619241006894         3.300998018785408         0.045307321865025         0.045307321865021         0.392180742593353         0.000000000000000         0.000000000000000         0.000000000000000
        0.235000000000000         2.695396492733976         2.695396492733974         3.296628282211138         2.695396492733976         2.695396492733974         3.296628282211138         0.044355681735769         0.044355681735752         0.391280148219364         0.000000000000000         0.000000000000000         0.000000000000000
        0.236000000000000         2.694755497929964         2.694755497929962         3.292712182283104         2.694755497929965         2.694755497929963         3.292712182283104         0.043444333857631         0.043444333857608         0.390382782321650         0.000000000000000         0.000000000000000         0.000000000000000
        0.237000000000000         2.694695893771010         2.694695893771010         3.289223959048883         2.694695893771010         2.694695893771010         3.289223959048883         0.042570937194524         0.042570937194518         0.389488369269314         0.000000000000000         0.000000000000000         0.000000000000000
        0.238000000000000         2.695116818134715         2.695116818134715         3.286141306228865         2.695116818134715         2.695116818134716         3.286141306228865         0.041733314556509         0.041733314556518         0.388596666688373         0.000000000000000         0.000000000000000         0.000000000000000
        0.239000000000000         2.696002123850457         2.696002123850457         3.283442254361575         2.696002123850457         2.696002123850457         3.283442254361576         0.040929440198024         0.040929440198025         0.387707461965597         0.000000000000000         0.000000000000000         0.000000000000000
        0.240000000000000         2.697348567577533         2.697348567577532         3.281110494718948         2.697348567577532         2.697348567577532         3.281110494718948         0.040157428278796         0.040157428278795         0.386820569136133         0.000000000000000         0.000000000000000         0.000000000000000
        0.241000000000000         2.699121007297944         2.699121007297944         3.279129420588495         2.699121007297943         2.699121007297944         3.279129420588495         0.039415522162267         0.039415522162267         0.385935826103575         0.000000000000000         0.000000000000000         0.000000000000000
        0.242000000000000         2.701311365105977         2.701311365105977         3.277492251304492         2.701311365105977         2.701311365105977         3.277492251304492         0.038702084518275         0.038702084518277         0.385053092163972         0.000000000000000         0.000000000000000         0.000000000000000
        0.243000000000000         2.703857695595731         2.703857695595731         3.276143796240993         2.703857695595731         2.703857695595732         3.276143796240993         0.038015588186564         0.038015588186563         0.384172245793644         0.000000000000000         0.000000000000000         0.000000000000000
        0.244000000000000         2.706832361533697         2.706832361533696         3.275149153808039         2.706832361533697         2.706832361533697         3.275149153808039         0.037354607758478         0.037354607758475         0.383293182677088         0.000000000000000         0.000000000000000         0.000000000000000
        0.245000000000000         2.710110437335478         2.710110437335479         3.274433822692905         2.710110437335479         2.710110437335479         3.274433822692905         0.036717811827043         0.036717811827051         0.382415813943212         0.000000000000000         0.000000000000000         0.000000000000000
        0.246000000000000         2.713706747087592         2.713706747087592         3.274007277426465         2.713706747087592         2.713706747087592         3.274007277426465         0.036103955858922         0.036103955858913         0.381540064588709         0.000000000000000         0.000000000000000         0.000000000000000
        0.247000000000000         2.717644827675858         2.717644827675858         3.273883562253020         2.717644827675858         2.717644827675857         3.273883562253020         0.035511875644351         0.035511875644346         0.380665872067670         0.000000000000000         0.000000000000000         0.000000000000000
        0.248000000000000         2.721861367372757         2.721861367372758         3.273990177245180         2.721861367372757         2.721861367372758         3.273990177245180         0.034940481278473         0.034940481278490         0.379793185027994         0.000000000000000         0.000000000000000         0.000000000000000
        0.249000000000000         2.726398944918797         2.726398944918798         3.274370876168751         2.726398944918798         2.726398944918798         3.274370876168750         0.034388751631189         0.034388751631198         0.378921962177770         0.000000000000000         0.000000000000000         0.000000000000000
        0.250000000000000         2.731252603730249         2.731252603730250         3.275013301266523         2.731252603730249         2.731252603730250         3.275013301266523         0.033855729269396         0.033855729269399         0.378052171268560         0.000000000000000         0.000000000000000         0.000000000000000
        0.251000000000000         2.736357166976694         2.736357166976694         3.275903771807513         2.736357166976694         2.736357166976693         3.275903771807513         0.033340515789586         0.033340515789585         0.377183788180420         0.000000000000000         0.000000000000000         0.000000000000000
        0.252000000000000         2.741735907060754         2.741735907060754         3.277024855001704         2.741735907060754         2.741735907060754         3.277024855001704         0.032842267531017         0.032842267531020         0.376316796099565         0.000000000000000         0.000000000000000         0.000000000000000
        0.253000000000000         2.747372056591763         2.747372056591762         3.278394356825047         2.747372056591763         2.747372056591762         3.278394356825047         0.032360191634890         0.032360191634879         0.375451184777399         0.000000000000000         0.000000000000000         0.000000000000000
        0.254000000000000         2.753271740970874         2.753271740970875         3.279986229975239         2.753271740970874         2.753271740970875         3.279986229975239         0.031893542419455         0.031893542419469         0.374586949861481         0.000000000000000         0.000000000000000         0.000000000000000
        0.255000000000000         2.759420350524597         2.759420350524597         3.281801298436191         2.759420350524598         2.759420350524597         3.281801298436191         0.031441618047610         0.031441618047608         0.373724092292501         0.000000000000000         0.000000000000000         0.000000000000000
        0.256000000000000         2.765634406460554         2.765634406460554         3.283835039185248         2.765634406460554         2.765634406460554         3.283835039185248         0.031003757457970         0.031003757457970         0.372862617758180         0.000000000000000         0.000000000000000         0.000000000000000
        0.257000000000000         2.772418378922768         2.772418378922768         3.286089130457361         2.772418378922768         2.772418378922768         3.286089130457361         0.030579337538998         0.030579337538998         0.372002536199251         0.000000000000000         0.000000000000000         0.000000000000000
        0.258000000000000         2.779257723821933         2.779257723821933         3.288529017807261         2.779257723821933         2.779257723821933         3.288529017807261         0.030167770526259         0.030167770526255         0.371143861361911         0.000000000000000         0.000000000000000         0.000000000000000
        0.259000000000000         2.786261493998444         2.786261493998444         3.291187447311194         2.786261493998444         2.786261493998444         3.291187447311194         0.029768501601306         0.029768501601321         0.370286610391558         0.000000000000000         0.000000000000000         0.000000000000000
        0.260000000000000         2.793505844933152         2.793505844933152         3.294044234829157         2.793505844933152         2.793505844933152         3.294044234829157         0.029381006677303         0.029381006677286         0.369430803463575         0.000000000000000         0.000000000000000         0.000000000000000
        0.261000000000000         2.800964992372935         2.800964992372935         3.297095013323148         2.800964992372935         2.800964992372935         3.297095013323148         0.029004790354608         0.029004790354605         0.368576463448294         0.000000000000000         0.000000000000000         0.000000000000000
        0.262000000000000         2.808659914064838         2.808659914064839         3.300336910200235         2.808659914064838         2.808659914064839         3.300336910200235         0.028639384031843         0.028639384031847         0.367723615605403         0.000000000000000         0.000000000000000         0.000000000000000
        0.263000000000000         2.816502682536534         2.816502682536534         3.303764857320761         2.816502682536534         2.816502682536534         3.303764857320761         0.028284344149036         0.028284344149032         0.366872287304616         0.000000000000000         0.000000000000000         0.000000000000000
        0.264000000000000         2.824500892614016         2.824500892614018         3.307375469658898         2.824500892614016         2.824500892614018         3.307375469658898         0.027939250626359         0.027939250626385         0.366022507775466         0.000000000000000         0.000000000000000         0.000000000000000
        0.265000000000000         2.832732248704628         2.832732248704627         3.311165096268213         2.832732248704628         2.832732248704627         3.311165096268213         0.027603705260323         0.027603705260315         0.365174307869000         0.000000000000000         0.000000000000000         0.000000000000000
        0.266000000000000         2.841196082201695         2.841196082201697         3.315129700504001         2.841196082201695         2.841196082201697         3.315129700504001         0.027277330447488         0.027277330447497         0.364327719852660         0.000000000000000         0.000000000000000         0.000000000000000
        0.267000000000000         2.849861291325194         2.849861291325194         3.319243253314882         2.849861291325194         2.849861291325194         3.319243253314882         0.026959767845021         0.026959767844999         0.363482777212541         0.000000000000000         0.000000000000000         0.000000000000000
        0.268000000000000         2.858450823704858         2.858450823704858         3.323548141061671         2.858450823704858         2.858450823704858         3.323548141061672         0.026650677190608         0.026650677190607         0.362639514477792         0.000000000000000         0.000000000000000         0.000000000000000
        0.269000000000000         2.867593787512337         2.867593787512337         3.328036428981039         2.867593787512337         2.867593787512337         3.328036428981039         0.026349735196434         0.026349735196426         0.361797967057596         0.000000000000000         0.000000000000000         0.000000000000000
        0.270000000000000         2.876778281867443         2.876778281867443         3.332668656452777         2.876778281867443         2.876778281867443         3.332668656452777         0.026056634520977         0.026056634520975         0.360958171092545         0.000000000000000         0.000000000000000         0.000000000000000
        0.271000000000000         2.886583260738200         2.886583260738200         3.337457669045006         2.886583260738199         2.886583260738199         3.337457669045006         0.025771082813993         0.025771082813992         0.360120163317955         0.000000000000000         0.000000000000000         0.000000000000000
        0.272000000000000         2.895669087866292         2.895669087866292         3.342401508836452         2.895669087866292         2.895669087866292         3.342401508836452         0.025492801827429         0.025492801827429         0.359283980939159         0.000000000000000         0.000000000000000         0.000000000000000
        0.273000000000000         2.905413345974168         2.905413345974168         3.347495474904207         2.905413345974167         2.905413345974168         3.347495474904207         0.025221526587855         0.025221526587856         0.358449661515775         0.000000000000000         0.000000000000000         0.000000000000000
        0.274000000000000         2.915311801953008         2.915311801953008         3.352741234457623         2.915311801953008         2.915311801953008         3.352741234457623         0.024957004625788         0.024957004625782         0.357617242857170         0.000000000000000         0.000000000000000         0.000000000000000
        0.275000000000000         2.925549801030761         2.925549801030761         3.358130119307618         2.925549801030761         2.925549801030761         3.358130119307618         0.024698995256242         0.024698995256230         0.356786762924690         0.000000000000000         0.000000000000000         0.000000000000000
        0.276000000000000         2.935922459764412         2.935922459764412         3.363660895293909         2.935922459764411         2.935922459764411         3.363660895293908         0.024447268908870         0.024447268908866         0.355958259743238         0.000000000000000         0.000000000000000         0.000000000000000
        0.277000000000000         2.946303468247923         2.946303468247923         3.369330540775973         2.946303468247922         2.946303468247923         3.369330540775974         0.024201606501384         0.024201606501384         0.355131771319338         0.000000000000000         0.000000000000000         0.000000000000000
        0.278000000000000         2.956831276673655         2.956831276673655         3.375135478062552         2.956831276673655         2.956831276673655         3.375135478062552         0.023961798855066         0.023961798855063         0.354307335565985         0.000000000000000         0.000000000000000         0.000000000000000
        0.279000000000000         2.967702594978773         2.967702594978773         3.381073949147519         2.967702594978773         2.967702594978773         3.381073949147519         0.023727646147844         0.023727646147835         0.353484990234057         0.000000000000000         0.000000000000000         0.000000000000000
        0.280000000000000         2.978625360424549         2.978625360424549         3.387144521007651         2.978625360424549         2.978625360424549         3.387144521007651         0.023498957403187         0.023498957403193         0.352664772848786         0.000000000000000         0.000000000000000         0.000000000000000
        0.281000000000000         2.989626511123424         2.989626511123424         3.393336539095573         2.989626511123424         2.989626511123424         3.393336539095573         0.023275550011388         0.023275550011391         0.351846720651824         0.000000000000000         0.000000000000000         0.000000000000000
        0.282000000000000         3.001081660959310         3.001081660959309         3.399654012945869         3.001081660959310         3.001081660959309         3.399654012945869         0.023057249281205         0.023057249281208         0.351030870548410         0.000000000000000         0.000000000000000         0.000000000000000
        0.283000000000000         3.012163346682812         3.012163346682812         3.406092083499125         3.012163346682812         3.012163346682813         3.406092083499125         0.022843888019890         0.022843888019890         0.350217259058190         0.000000000000000         0.000000000000000         0.000000000000000
        0.284000000000000         3.023615560478166         3.023615560478166         3.412629955260758         3.023615560478166         3.023615560478166         3.412629955260758         0.022635306139113         0.022635306139113         0.349405922271179         0.000000000000000         0.000000000000000         0.000000000000000
        0.285000000000000         3.035223315581595         3.035223315581595         3.419297188855345         3.035223315581596         3.035223315581596         3.419297188855345         0.022431350285637         0.022431350285638         0.348596895806741         0.000000000000000         0.000000000000000         0.000000000000000
        0.286000000000000         3.047296318854259         3.047296318854259         3.426071905347198         3.047296318854259         3.047296318854259         3.426071905347198         0.022231873493630         0.022231873493632         0.347790214776772         0.000000000000000         0.000000000000000         0.000000000000000
        0.287000000000000         3.058751864245826         3.058751864245825         3.432976991916524         3.058751864245825         3.058751864245825         3.432976991916524         0.022036734859517         0.022036734859515         0.346985913751767         0.000000000000000         0.000000000000000         0.000000000000000
        0.288000000000000         3.071255268934623         3.071255268934623         3.439966164121383         3.071255268934623         3.071255268934623         3.439966164121383         0.021845799234608         0.021845799234602         0.346184026730259         0.000000000000000         0.000000000000000         0.000000000000000
        0.289000000000000         3.083464784380352         3.083464784380352         3.447064306926370         3.083464784380353         3.083464784380353         3.447064306926370         0.021658936937543         0.021658936937544         0.345384587110963         0.000000000000000         0.000000000000000         0.000000000000000
        0.290000000000000         3.096002224664162         3.096002224664162         3.454133233476099         3.096002224664163         3.096002224664162         3.454133233476099         0.021476023482887         0.021476023482883         0.344587627667826         0.000000000000000         0.000000000000000         0.000000000000000
        0.291000000000000         3.108556813846075         3.108556813846075         3.461523356613482         3.108556813846074         3.108556813846074         3.461523356613482         0.021296939325335         0.021296939325338         0.343793180527229         0.000000000000000         0.000000000000000         0.000000000000000
        0.292000000000000         3.121171113883661         3.121171113883661         3.468893634724270         3.121171113883661         3.121171113883661         3.468893634724270         0.021121569619889         0.021121569619890         0.343001277148025         0.000000000000000         0.000000000000000         0.000000000000000
        0.293000000000000         3.133991292406809         3.133991292406809         3.476349798963256         3.133991292406809         3.133991292406808         3.476349798963257         0.020949803994322         0.020949803994325         0.342211948303164         0.000000000000000         0.000000000000000         0.000000000000000
        0.294000000000000         3.147377144150305         3.147377144150306         3.483830990519076         3.147377144150305         3.147377144150305         3.483830990519076         0.020781536335631         0.020781536335635         0.341425224064072         0.000000000000000         0.000000000000000         0.000000000000000
        0.295000000000000         3.160385584008794         3.160385584008794         3.491506835800945         3.160385584008794         3.160385584008794         3.491506835800945         0.020616664588346         0.020616664588350         0.340641133786217         0.000000000000000         0.000000000000000         0.000000000000000
        0.296000000000000         3.173685724234512         3.173685724234511         3.499199329786531         3.173685724234512         3.173685724234512         3.499199329786530         0.020455090563714         0.020455090563718         0.339859706097083         0.000000000000000         0.000000000000000         0.000000000000000
        0.297000000000000         3.187272420421990         3.187272420421989         3.506963603919026         3.187272420421989         3.187272420421989         3.506963603919026         0.020296719759871         0.020296719759879         0.339080968885362         0.000000000000000         0.000000000000000         0.000000000000000
        0.298000000000000         3.200923198745678         3.200923198745678         3.514795066986544         3.200923198745679         3.200923198745679         3.514795066986544         0.020141461191758         0.020141461191761         0.338304949292040         0.000000000000000         0.000000000000000         0.000000000000000
        0.299000000000000         3.214252522943805         3.214252522943805         3.522640307460784         3.214252522943805         3.214252522943805         3.522640307460784         0.019989227230312         0.019989227230312         0.337531673702874         0.000000000000000         0.000000000000000         0.000000000000000
        0.300000000000000         3.228497934699151         3.228497934699151         3.530594221960274         3.228497934699151         3.228497934699151         3.530594221960273         0.019839933450248         0.019839933450247         0.336761167742105         0.000000000000000         0.000000000000000         0.000000000000000
