       0.0203158350223195        4.40322567867e-05
       0.0262678725302842     5.52311093840651e-05
       0.0322199100382488     8.27600440223605e-05
       0.0381719475462135     0.000121837909561848
       0.0441239850541781     0.000170942735720132
       0.0500760225621428     0.000229553467427869
       0.0560280600701074     0.000297550668217875
       0.0619800975780721     0.000375000861213838
       0.0679321350860367     0.000462067207979582
       0.0738841725940014     0.000558968503549596
        0.079836210101966     0.000665958799947733
       0.0857882476099307     0.000783316628319621
       0.0917402851178953     0.000911339008732403
         0.09769232262586      0.00105033799080611
        0.103644360133825      0.00120063859657486
        0.109596397641789      0.00136257757526709
        0.115548435149754      0.00153650258284006
        0.121500472657719      0.00172277202901677
        0.127452510165683      0.00192175419775518
        0.133404547673648      0.00213382771538594
        0.139356585181613      0.00235938118375316
        0.145308622689577      0.00259881323626528
        0.151260660197542      0.00285253257116904
        0.157212697705506      0.00312095801150621
        0.163164735213471      0.00340451858390375
        0.169116772721436      0.00370365361060615
          0.1750688102294      0.00401881281132798
        0.181020847737365      0.00435045641112891
         0.18697288524533      0.00469905523626194
        0.192924922753294      0.00506509087678598
        0.198876960261259      0.00544905575799153
        0.204828997769224      0.00585145326389059
        0.210781035277188      0.00627279786212317
        0.216733072785153      0.00671361521421116
        0.222685110293118      0.00717444239364853
        0.228637147801082      0.00765582777437941
        0.234589185309047      0.00815833135405273
        0.240541222817012      0.00868252478766873
        0.246493260324976       0.0092289915315324
        0.252445297832941      0.00979832684981445
        0.258397335340905       0.0103911381429783
         0.26434937284887       0.0110080447438204
        0.270301410356835       0.0116496782441764
        0.276253447864799       0.0123166825860215
        0.282205485372764       0.0130097140732973
        0.288157522880729       0.0137294415085949
        0.294109560388693       0.0144765461806691
        0.300061597896658       0.0152517221517288
        0.306013635404623       0.0160556761672183
        0.311965672912587        0.016889127864865
        0.317917710420552       0.0177528096854158
        0.323869747928517       0.0186474671386846
        0.329821785436481       0.0195738587150663
        0.335773822944446       0.0205327560503528
        0.341725860452411       0.0215249439737835
        0.347677897960375       0.0225512204893957
         0.35362993546834       0.0236123968719256
        0.359581972976304        0.024709297839156
        0.365534010484269       0.0258427613634779
        0.371486047992234       0.0270136389292952
        0.377438085500198       0.0282227953033747
        0.383390123008163       0.0294711090495232
        0.389342160516128       0.0307594719874111
        0.395294198024092       0.0320887895878441
        0.401246235532057       0.0334599809089957
        0.407198273040022       0.0348739784304563
        0.413150310547986       0.0363317284482576
        0.419102348055951       0.0378341909002802
        0.425054385563916       0.0393823389462835
         0.43100642307188       0.0409771597517415
        0.436958460579845        0.042619653884265
         0.44291049808781       0.0443108355717491
        0.448862535595774       0.0460517327107403
        0.454814573103739        0.047843386618144
        0.460766610611703       0.0496868522758147
        0.466718648119668       0.0515831980552282
        0.472670685627633       0.0535335059797721
        0.478622723135597       0.0555388715328438
        0.484574760643562       0.0576004034976963
        0.490526798151527       0.0597192209624339
        0.496478835659491       0.0618964693514134
        0.502430873167456       0.0641332877560782
        0.508382910675421       0.0664308417452316
        0.514334948183385       0.0687903068686919
         0.52028698569135       0.0712128716821817
        0.526239023199315       0.0736997379211077
        0.532191060707279       0.0762521204082211
        0.538143098215244       0.0788712470063153
        0.544095135723209       0.0815583584613755
        0.550047173231173       0.0843147084713836
        0.555999210739138       0.0871415635038683
        0.561951248247103       0.0900402027950365
        0.567903285755067       0.0930119183553366
        0.573855323263032       0.0960580146623738
        0.579807360770996        0.099179808893818
        0.585759398278961        0.102378630655992
        0.591711435786926         0.10565582200344
         0.59766347329489        0.109012737324105
        0.603615510802855        0.112450743320473
         0.60956754831082        0.115971218880137
        0.615519585818784          0.1195755550924
        0.621471623326749        0.123265155148204
        0.627423660834714        0.127041434215281
        0.633375698342678        0.130905819517452
        0.639327735850643        0.134859750068426
        0.645279773358608        0.138904676852097
        0.651231810866572        0.143042062438365
        0.657183848374537        0.147273381469032
        0.663135885882502        0.151600120003005
        0.669087923390466        0.156023775874777
        0.675039960898431        0.160545858535893
        0.680991998406396        0.165167888829591
         0.68694403591436        0.169891399368556
        0.692896073422325        0.174717934111785
        0.698848110930289        0.179649048534452
        0.704800148438254        0.184686309557579
        0.710752185946219        0.189831295509638
        0.716704223454183        0.195085596264186
        0.722656260962148        0.200450813026285
        0.728608298470113        0.205928558311137
        0.734560335978077        0.211520456292229
        0.740512373486042        0.217228142449771
        0.746464410994007        0.223053263767634
        0.752416448501971        0.228997478740804
        0.758368486009936        0.235062457276965
        0.764320523517901        0.241249881057309
        0.770272561025865        0.247561443252942
         0.77622459853383        0.253998848738892
        0.782176636041795        0.260563814146408
        0.788128673549759         0.26725806793205
        0.794080711057724        0.274083350483527
        0.800032748565689         0.28104141410683
        0.805984786073653        0.288134023315795
        0.811936823581618        0.295362954763903
        0.817888861089582        0.302729997489703
        0.823840898597547        0.310236952949252
        0.829792936105512         0.31788563518682
        0.835744973613476        0.325677871081164
        0.841697011121441        0.333615500305054
        0.847649048629406        0.341700375716155
         0.85360108613737         0.34993436322902
        0.859553123645335        0.358319342469591
          0.8655051611533        0.366857206515938
        0.871457198661264        0.375549862356518
        0.877409236169229        0.384399231020775
        0.883361273677194        0.393407247855803
        0.889313311185158        0.402575862721437
        0.895265348693123        0.411907040299358
        0.901217386201087        0.421402760276663
        0.907169423709052        0.431065017673114
        0.913121461217017        0.440895823091778
        0.919073498724981        0.450897203040828
        0.925025536232946        0.461071200220101
        0.930977573740911        0.471419873784724
        0.936929611248875        0.481945299775081
         0.94288164875684        0.492649571353295
        0.948833686264805        0.503534799166702
        0.954785723772769        0.514603111740985
        0.960737761280734        0.525856655767422
        0.966689798788699        0.537297596564661
        0.972641836296663        0.548928118366261
        0.978593873804628        0.560750424808124
        0.984545911312593        0.572766739152111
        0.990497948820557        0.584979304977734
        0.996449986328522        0.597390386342393
         1.00240202383649        0.610002268284661
         1.00835406134445        0.622817257352768
         1.01430609885242        0.635837681899079
         1.02025813636038        0.649065892561167
         1.02621017386835        0.662504262839934
         1.03216221137631        0.676155189417279
         1.03811424888427        0.690021092708878
         1.04406628639224        0.704104417316139
          1.0500183239002        0.718407632501182
         1.05597036140817        0.732933232699937
         1.06192239891613        0.747683738018887
          1.0678744364241        0.762661694705812
         1.07382647393206        0.777869675675738
         1.07977851144003         0.79331028109586
         1.08573054894799        0.808986138741215
         1.09168258645596         0.82489990465965
         1.09763462396392        0.841054263683105
         1.10358666147189        0.857451929853651
         1.10953869897985        0.874095647085717
         1.11549073648781        0.890988189628153
         1.12144277399578        0.908132362607057
         1.12739481150374        0.925531002596534
         1.13334684901171        0.943186978131619
         1.13929888651967        0.961103190296844
         1.14525092402764        0.979282573224103
          1.1512029615356        0.997728094662325
         1.15715499904357          1.0164427565217
         1.16310703655153         1.03542959542043
          1.1690590740595         1.05469168322469
         1.17501111156746         1.07423212761139
         1.18096314907543         1.09405407259122
         1.18691518658339         1.11416069907374
         1.19286722409136          1.1345552253838
         1.19881926159932         1.15524090780931
         1.20477129910728         1.17622104114722
