            sqrt(s) [GeV]               sigma [mb]
        0.033578078143995     0.000702226216933141
       0.0394649616578188     0.000782866234907026
       0.0453518451716426      0.00105043636791151
       0.0512387286854664      0.00144018019476601
       0.0571256121992902      0.00192557229912367
        0.063012495713114       0.0024922927530585
       0.0688993792269379      0.00313196219426497
       0.0747862627407617      0.00383938695584002
       0.0806731462545855       0.0046112027616202
       0.0865600297684093      0.00544515559678433
       0.0924469132822331      0.00633969795634987
       0.0983337967960569      0.00729375125416011
        0.104220680309881      0.00830656031920318
        0.110107563823705      0.00937760113495291
        0.115994447337528       0.0105065205142059
        0.121881330851352       0.0116930955422224
        0.127768214365176       0.0129372056063204
           0.133655097879       0.0142388126448763
        0.139541981392824       0.0155979468884768
        0.145428864906647       0.0170146963418599
        0.151315748420471       0.0184891988716296
        0.157202631934295       0.0200216361325983
        0.163089515448119       0.0216122288206148
        0.168976398961943       0.0232612328918136
        0.174863282475766        0.024968936500543
         0.18075016598959       0.0267356574768653
        0.186637049503414       0.0285617412163038
        0.192523933017238       0.0304475588875717
        0.198410816531062       0.0323935058896852
        0.204297700044885         0.03440000050692
        0.210184583558709       0.0364674827219163
        0.216071467072533       0.0385964131584363
        0.221958350586357       0.0407872721287615
        0.227845234100181       0.0430405587700745
        0.233732117614004       0.0453567902543097
        0.239619001127828       0.0477365010605853
        0.245505884641652       0.0501802423015185
        0.251392768155476       0.0526885810960666
          0.2572796516693       0.0552620999829148
        0.263166535183123       0.0579013963693755
        0.269053418696947       0.0606070820127411
        0.274940302210771       0.0633797825290889
        0.280827185724595       0.0662201369285549
        0.286714069238419       0.0691287971732232
        0.292600952752243       0.0721064277565545
        0.298487836266066        0.075153705302155
         0.30437471977989       0.0782713181805377
        0.310261603293714       0.0814599661426788
        0.316148486807538       0.0847203599690704
        0.322035370321362       0.0880532211333787
        0.327922253835185       0.0914592814799949
        0.333809137349009       0.0949392829145155
        0.339696020862833       0.0984939771066462
        0.345582904376657        0.102124125204952
        0.351469787890481        0.105830497562838
        0.357356671404304        0.109613873475465
        0.363243554918128        0.113475040927131
        0.369130438431952        0.117414796348876
        0.375017321945776        0.121433944385742
          0.3809042054596         0.12553329767371
        0.386791088973423        0.129713676626194
        0.392677972487247        0.133975909229228
        0.398564856001071        0.138320830846215
        0.404451739514895        0.142749284030899
        0.410338623028719        0.147262118349511
        0.416225506542543          0.1518601902114
        0.422112390056366        0.156544362707875
         0.42799927357019         0.16131550545989
        0.433886157084014        0.166174494473922
        0.439773040597838         0.17112221200586
        0.445659924111662        0.176159546433777
        0.451546807625485        0.181287392138197
        0.457433691139309        0.186506649391277
        0.463320574653133        0.191818224253448
        0.469207458166957        0.197223028479181
        0.475094341680781        0.202721979428858
        0.480981225194604        0.208315999990756
        0.486868108708428        0.214006018515477
        0.492754992222252        0.219792968742855
        0.498641875736076        0.225677789758873
          0.5045287592499        0.231661425936946
        0.510415642763723        0.237744826921516
        0.516302526277547        0.243928947564938
        0.522189409791371        0.250214747931332
        0.528076293305195        0.256603193302885
        0.533963176819019        0.263095254112962
        0.539850060332843        0.269691905955515
        0.545736943846666        0.276394129747068
         0.55162382736049        0.283202911396281
        0.557510710874314        0.290119242340003
        0.563397594388138        0.297144118984715
        0.569284477901962        0.304278543239933
        0.575171361415785        0.311523522472915
        0.581058244929609        0.318880069176107
        0.586945128443433        0.326349201481954
        0.592832011957257        0.333931943248104
        0.598718895471081        0.341629323643658
        0.604605778984904         0.34944237779457
        0.610492662498728        0.357372146495664
        0.616379546012552        0.365419676495571
        0.622266429526376        0.373586020807751
          0.6281533130402        0.381872238053675
        0.634040196554023        0.390279393562544
        0.639927080067847        0.398808558829727
        0.645813963581671        0.407460811977561
        0.651700847095495        0.416237237681652
        0.657587730609319         0.42513892743986
        0.663474614123142        0.434166979657983
        0.669361497636966        0.443322499871969
         0.67524838115079         0.45260660098408
        0.681135264664614          0.4620204030864
        0.687022148178438        0.471565033984063
        0.692909031692262        0.481241629416276
        0.698795915206085        0.491051332637949
        0.704682798719909        0.500995295399162
        0.710569682233733         0.51107467775871
        0.716456565747557        0.521290648012657
        0.722343449261381        0.531644383358092
        0.728230332775204        0.542137069809819
        0.734117216289028        0.552769902467671
        0.740004099802852        0.563544085794002
        0.745890983316676        0.574460833581308
          0.7517778668305        0.585521369482266
        0.757664750344323        0.596726926849884
        0.763551633858147        0.608078749336291
        0.769438517371971        0.619578090775354
        0.775325400885795        0.631226215540607
        0.781212284399619        0.643024398722606
        0.787099167913442        0.654973926338598
        0.792986051427266        0.667076095503769
         0.79887293494109        0.679332214686117
        0.804759818454914        0.691743604099866
        0.810646701968738         0.70431159507342
        0.816533585482561        0.717037531560571
        0.822420468996385        0.729922769277722
        0.828307352510209          0.7429686763467
        0.834194236024033        0.756176633390738
        0.840081119537857        0.769548033724531
        0.845968003051681        0.783084283542872
        0.851854886565504        0.796786802100517
        0.857741770079328        0.810657021879358
        0.863628653593152        0.824696388755729
        0.869515537106976         0.83890636211431
          0.8754024206208        0.853288415271131
        0.881289304134623         0.86784403512599
        0.887176187648447        0.882574722732908
        0.893063071162271        0.897481993277556
        0.898949954676095        0.912567376256793
        0.904836838189919        0.927832415558036
        0.910723721703742        0.943278669572679
        0.916610605217566         0.95890771134346
         0.92249748873139        0.974721128637348
        0.928384372245214        0.990720524042142
        0.934271255759038         1.00690751505038
        0.940158139272862         1.02328373412719
        0.946045022786685         1.03985082877938
        0.951931906300509         1.05661046158159
        0.957818789814333         1.07356431035669
        0.963705673328157         1.09071406784874
        0.969592556841981         1.10806144224417
        0.975479440355804         1.12560815677477
        0.981366323869628         1.14335594990893
        0.987253207383452         1.16130657544423
        0.993140090897276         1.17946180196444
          0.9990269744111         1.19782341350065
         1.00491385792492         1.21639320902803
         1.01080074143875         1.23517300254101
         1.01668762495257          1.2541646229503
         1.02257450846639         1.27336991400424
         1.02846139198022         1.29279073417859
         1.03434827549404         1.31242895656207
         1.04023515900787         1.33228646872354
         1.04612204252169         1.35236517255424
         1.05200892603551         1.37266698412592
         1.05789580954934         1.39319383349003
         1.06378269306316         1.41394766448081
         1.06966957657699         1.43493043462375
         1.07555646009081         1.45614411461206
         1.08144334360463         1.47759068844019
         1.08733022711846         1.49927215289544
         1.09321711063228         1.52119051736444
          1.0991039941461         1.54334780353862
         1.10499087765993         1.56574604508541
         1.11087776117375         1.58838728738742
         1.11676464468758         1.61127358707762
          1.1226515282014         1.63440701192056
         1.12853841171522         1.65778963995346
         1.13442529522905         1.68142355968418
         1.14031217874287           1.705310869272
         1.14619906225669         1.72945367622751
         1.15208594577052         1.75385409694128
         1.15797282928434          1.7785142561944
         1.16385971279817         1.80343628669157
         1.16974659631199         1.82862232852466
         1.17563347982581         1.85407452865126
         1.18152036333964         1.87979504033421
         1.18740724685346         1.90578602257127
         1.19329413036729         1.93204963948966
         1.19918101388111         1.95858805974516
         1.20506789739493         1.98540345586638
