        0.297641560475552      0.00190377803962385
        0.302200487238848      0.00250777664642722
        0.306759414002144      0.00328644965672407
        0.311318340765441        0.004188995714378
        0.315877267528737      0.00519310913862767
        0.320436194292033      0.00628090378300862
        0.324995121055329      0.00743748189166733
        0.329554047818625      0.00865027373789534
        0.334112974581922      0.00990861920800938
        0.338671901345218       0.0112034837993594
        0.343230828108514       0.0125272949003077
         0.34778975487181       0.0138739220931623
        0.352348681635106       0.0152388733316066
        0.356907608398402       0.0166198723747477
        0.361466535161699       0.0180182046272556
        0.366025461924995       0.0194418649876049
        0.370584388688291       0.0209143608056214
        0.375143315451587       0.0225227743354001
        0.379702242214883       0.0243065511346686
         0.38426116897818       0.0261999760537285
        0.388820095741476       0.0281790295866233
        0.393379022504772        0.030230240164822
        0.397937949268068       0.0323448459797034
        0.402496876031364       0.0345163129209826
         0.40705580279466       0.0367402708793975
        0.411614729557957       0.0390131694615398
        0.416173656321253       0.0413321063828435
        0.420732583084549       0.0436951071577766
        0.425291509847845       0.0461004337764737
        0.429850436611141        0.048546712904668
        0.434409363374438       0.0510328286293254
        0.438968290137734       0.0535579235847941
         0.44352721690103       0.0561213929919889
        0.448086143664326       0.0587221061840861
        0.452645070427622       0.0613600559813158
        0.457203997190918       0.0640333379530291
        0.461762923954215       0.0667406736327952
        0.466321850717511       0.0694787472888123
        0.470880777480807       0.0722528625762706
        0.475439704244103        0.075066220853864
        0.479998631007399       0.0779205279917919
        0.484557557770696       0.0808171274619462
        0.489116484533992       0.0837561307914049
        0.493675411297288        0.086740941412786
        0.498234338060584       0.0897696262250653
         0.50279326482388        0.092844095304136
        0.507352191587176       0.0959649451353516
        0.511911118350473       0.0991325220237978
        0.516470045113769        0.102347495789808
        0.521028971877065         0.10561029909276
        0.525587898640361        0.108921559104094
        0.530146825403657         0.11228177290203
        0.534705752166954         0.11569165181746
         0.53926467893025         0.11915150243761
        0.543823605693546        0.122662053126602
        0.548382532456842        0.126223735814316
        0.552941459220138        0.129836843493683
        0.557500385983434        0.133502522225952
        0.562059312746731        0.137220776992723
        0.566618239510027        0.140992709777126
        0.571177166273323        0.144817687432458
        0.575736093036619        0.148697538515794
        0.580295019799915        0.152632539614741
        0.584853946563212        0.156622940610259
        0.589412873326508        0.160670801168505
        0.593971800089804        0.164772203020286
          0.5985307268531         0.16893339144415
        0.603089653616396        0.173151357961811
        0.607648580379692        0.177428810807278
        0.612207507142989        0.181765104972502
        0.616766433906285        0.186160287038305
        0.621325360669581        0.190616036757861
        0.625884287432877        0.195132910892252
        0.630443214196173        0.199711158244311
        0.635002140959469         0.20435093464608
        0.639561067722766        0.209054245626993
        0.644119994486062        0.213821078211293
        0.648678921249358        0.218649380660795
        0.653237848012654        0.223543160340113
         0.65779677477595        0.228503108457833
        0.662355701539247        0.233528069359294
        0.666914628302543        0.238619660354298
        0.671473555065839         0.24377763871232
        0.676032481829135        0.249003183648506
        0.680591408592431        0.254305641883475
        0.685150335355728        0.259660367561451
        0.689709262119024        0.265092501433049
         0.69426818888232        0.270594849473412
        0.698827115645616        0.276168146816015
        0.703386042408912        0.281811132076422
        0.707944969172208        0.287526802705691
        0.712503895935505        0.293315174262615
        0.717062822698801        0.299177367218205
        0.721621749462097        0.305112849882829
        0.726180676225393        0.311122234397336
        0.730739602988689        0.317206795971804
        0.735298529751986        0.323369802517176
        0.739857456515282         0.32960325514337
        0.744416383278578         0.33591702674106
        0.748975310041874        0.342308545190424
         0.75353423680517        0.348773036857584
        0.758093163568466        0.355324707100153
        0.762652090331763        0.361953464047832
        0.767211017095059        0.368662036480146
        0.771769943858355        0.375451894457068
        0.776328870621651        0.382322785227703
        0.780887797384947        0.389277119949638
        0.785446724148243        0.396306374351575
         0.79000565091154        0.403424711013487
        0.794564577674836        0.410626540969074
        0.799123504438132        0.417914439926324
        0.803682431201428         0.42528692946091
        0.808241357964724        0.432745102049605
        0.812800284728021        0.440287071525594
        0.817359211491317         0.44791878758551
        0.821918138254613        0.455638487324075
        0.826477065017909         0.46344749680903
        0.831035991781205        0.471345329349177
        0.835594918544502        0.479333620705267
        0.840153845307798        0.487411375951351
        0.844712772071094        0.495580933072473
         0.84927169883439        0.503842467605179
        0.853830625597686        0.512196567753754
        0.858389552360982         0.52064507385801
        0.862948479124279         0.52918685488196
        0.867507405887575        0.537826370771627
        0.872066332650871         0.54655887117756
        0.876625259414167        0.555387425340515
        0.881184186177463          0.5643127387124
        0.885743112940759        0.573335519003772
        0.890302039704056        0.582456476889345
        0.894860966467352        0.591676325950481
        0.899419893230648        0.600995783138415
        0.903978819993944        0.610408777713105
         0.90853774675724          0.6199294769468
        0.913096673520537        0.629551500695999
        0.917655600283833        0.639276490030038
        0.922214527047129        0.649105014142724
        0.926773453810425        0.659037438087387
        0.931332380573721        0.669074451850406
        0.935891307337018        0.679217207513961
        0.940450234100314        0.689466165301805
         0.94500916086361        0.699822095811543
        0.949568087626906        0.710288763533318
        0.954127014390202        0.720861189029445
        0.958685941153498        0.731542900089233
        0.963244867916795        0.742334674831981
        0.967803794680091        0.753237295785217
        0.972362721443387         0.76425154962778
        0.976921648206683        0.775378226588862
        0.981480574969979        0.786618119665042
        0.986039501733275         0.79797201387192
        0.990598428496572         0.80943797394286
        0.995157355259868        0.821022838295015
        0.999716282023164        0.832724198418857
         1.00427520878646        0.844542887358192
         1.00883413554976        0.856479743636416
         1.01339306231305        0.868535612323605
         1.01795198907635        0.880711344601055
         1.02251091583965        0.893007798251044
         1.02706984260294        0.905425837905745
         1.03162876936624        0.917966335005341
         1.03618769612953        0.930630167578183
         1.04074662289283        0.943416480425421
         1.04530554965613        0.956329836158641
         1.04986447641942        0.969369184314309
         1.05442340318272        0.982535426906786
         1.05898232994601        0.995829588673759
         1.06354125670931         1.00925256547723
         1.06810018347261         1.02280529124401
          1.0726591102359         1.03648871442147
          1.0772180369992          1.0503037958949
          1.0817769637625         1.06425150901403
         1.08633589052579         1.07833284041598
         1.09089481728909         1.09254879142248
         1.09545374405238         1.10690038000533
         1.10001267081568         1.12138864374566
         1.10457159757898         1.13601464468352
         1.10913052434227         1.15077894067377
         1.11368945110557         1.16568379880761
         1.11824837786886         1.18072984266279
         1.12280730463216         1.19591861145658
         1.12736623139546         1.21125165381398
         1.13192515815875         1.22672932393397
         1.13648408492205          1.2423514663788
         1.14104301168535          1.2581205268378
         1.14560193844864         1.27403515683063
         1.15016086521194         1.29009756763876
         1.15471979197523         1.30631063917657
         1.15927871873853         1.32267132804106
         1.16383764550183         1.33918260921124
         1.16839657226512         1.35584803162985
         1.17295549902842         1.37266453398983
         1.17751442579172         1.38963386379514
         1.18207335255501         1.40675846284681
         1.18663227931831         1.42404187715308
          1.1911912060816         1.44148041909361
          1.1957501328449          1.4590760761002
          1.2003090596082         1.47683119139373
         1.20486798637149         1.49474801331506
