            sqrt(s) [GeV]               sigma [mb]
       0.0458541178888134       0.0312710192980466
       0.0516813455266639       0.0286849911592099
       0.0575085731645144       0.0299471200730735
       0.0633358008023649       0.0329777429673486
       0.0691630284402154       0.0372350720210351
       0.0749902560780659       0.0424119470444895
       0.0808174837159164       0.0483130579689412
       0.0866447113537669       0.0548057511679076
       0.0924719389916174       0.0617954364805479
       0.0982991666294679       0.0692119082770495
        0.104126394267318       0.0770012548442675
        0.109953621905169       0.0851208423748989
        0.115780849543019       0.0935360876369684
         0.12160807718087        0.102218315596571
         0.12743530481872        0.111143298017988
        0.133262532456571        0.120290232033149
        0.139089760094421         0.12964101028726
        0.144916987732272         0.13917968866364
        0.150744215370122        0.148892090673551
        0.156571443007973        0.158765508145166
        0.162398670645823        0.168788470934351
        0.168225898283674        0.178950566900287
        0.174053125921524        0.189242299057869
        0.179880353559375        0.199654970591443
        0.185707581197225        0.210180591080655
        0.191534808835076         0.22081179902121
        0.197362036472926        0.231541797050322
        0.203189264110777        0.242364297234087
        0.209016491748627        0.253273474319389
        0.214843719386478        0.264263925483553
        0.220670947024328        0.275330635307151
        0.226498174662179        0.286468945077162
        0.232325402300029        0.297674525705859
         0.23815262993788        0.308943353671429
         0.24397985757573        0.320271689469292
        0.249807085213581         0.33165605829652
        0.255634312851432        0.343093232553283
        0.261461540489282        0.354580216000333
        0.267288768127133        0.366114229308007
        0.273115995764983        0.377692696863775
        0.278943223402834        0.389313234633733
        0.284770451040684        0.400973639031688
        0.290597678678535        0.412671876626031
        0.296424906316385        0.424406074641677
        0.302252133954236         0.43617451212671
        0.308079361592086        0.447975611779515
        0.313906589229937        0.459807932326587
        0.319733816867787        0.471670161419683
        0.325561044505638        0.483561109022463
        0.331388272143488         0.49547970119922
        0.337215499781339        0.507424974329194
        0.343042727419189        0.519396069670831
         0.34886995505704        0.531392228269574
         0.35469718269489         0.54341278617161
        0.360524410332741        0.555457169926935
        0.366351637970591        0.567524892360066
        0.372178865608442        0.579615548595372
        0.378006093246292        0.591728812295242
        0.383833320884143        0.603864432128905
        0.389660548521993        0.616022228442678
        0.395487776159844        0.628202090103025
        0.401315003797694        0.640403971529161
        0.407142231435545        0.652627889883297
        0.412969459073395        0.664873922412586
        0.418796686711246         0.67714220394086
        0.424623914349096        0.689432924491853
        0.430451141986947        0.701746327041571
        0.436278369624797         0.71408270538674
        0.442105597262648        0.726442402125195
        0.447932824900498        0.738825806773212
        0.453760052538349        0.751233353896293
        0.459587280176199        0.763665521434895
         0.46541450781405         0.77612282910988
          0.4712417354519        0.788605836809154
        0.477068963089751          0.8011151431061
        0.482896190727601         0.81365138398833
        0.488723418365452        0.826215231499567
        0.494550646003302        0.838807392316843
        0.500377873641153        0.851428606826052
        0.506205101279003        0.864079647879285
        0.512032328916854        0.876761319577661
        0.517859556554704        0.889474456508182
        0.523686784192555        0.902219922657764
        0.529514011830405        0.914998610443901
        0.535341239468256        0.927811439859297
        0.541168467106106        0.940659357754083
        0.546995694743957        0.953543336928712
        0.552822922381807        0.966464375426854
        0.558650150019658        0.979423495705288
        0.564477377657508        0.992421744263511
        0.570304605295359         1.00546019059404
        0.576131832933209         1.01853992693262
         0.58195906057106         1.03166206733433
         0.58778628820891         1.04482774745119
        0.593613515846761         1.05803812377276
        0.599440743484611         1.07129437301653
        0.605267971122462         1.08459769204902
        0.611095198760312         1.09794929712364
        0.616922426398163         1.11135042341345
        0.622749654036013         1.12480232460582
        0.628576881673864         1.13830627285443
        0.634404109311714         1.15186355775527
        0.640231336949565         1.16547548663758
        0.646058564587415         1.17914338358719
        0.651885792225266         1.19286858969623
        0.657713019863116         1.20665246234255
        0.663540247500967         1.22049637495161
        0.669367475138817         1.23440171681328
        0.675194702776668         1.24836989273508
        0.681021930414518         1.26240232266803
        0.686849158052369         1.27650044149414
        0.692676385690219          1.2906656988639
         0.69850361332807         1.30489955885982
         0.70433084096592         1.31920349970264
        0.710158068603771         1.33357901361597
        0.715985296241621         1.34802760651942
        0.721812523879472         1.36255079772512
        0.727639751517322         1.37715011999477
        0.733466979155173         1.39182711905873
        0.739294206793023         1.40658335343221
        0.745121434430874         1.42142039433732
        0.750948662068724         1.43633982538356
        0.756775889706575          1.4513432424631
        0.762603117344425         1.46643225337755
        0.768430344982276         1.48160847785801
        0.774257572620126         1.49687354710855
        0.780084800257977          1.5122291039858
        0.785912027895827         1.52767680238458
        0.791739255533678         1.54321830733289
        0.797566483171528         1.55885529464213
        0.803393710809379         1.57458945081118
        0.809220938447229          1.5904224727863
         0.81504816608508         1.60635606770096
         0.82087539372293         1.62239195279183
        0.826702621360781         1.63853185515772
        0.832529848998631         1.65477751154631
        0.838357076636482         1.67113066802352
        0.844184304274332          1.6875930800426
        0.850011531912183         1.70416651204184
        0.855838759550033         1.72085273724508
        0.861665987187884         1.73765353749748
        0.867493214825734         1.75457070298254
        0.873320442463585         1.77160603208665
        0.879147670101435         1.78876133110598
        0.884974897739286         1.80603841400752
        0.890802125377136         1.82343910224961
        0.896629353014987         1.84096522446577
        0.902456580652837          1.8586186163669
        0.908283808290688          1.8764011202775
        0.914111035928538         1.89431458505859
        0.919938263566389         1.91236086574289
        0.925765491204239         1.93054182332076
         0.93159271884209         1.94885932448877
         0.93741994647994         1.96731524128909
        0.943247174117791         1.98591145090327
        0.949074401755641         2.00464983533266
        0.954901629393492         2.02353228106909
        0.960728857031342         2.04256067888735
        0.966556084669193         2.06173692341324
        0.972383312307043         2.08106291288734
        0.978210539944894         2.10054054880897
        0.984037767582744         2.12017173561195
        0.989864995220595         2.13995838033686
        0.995692222858445         2.15990239227405
          1.0015194504963         2.18000568256716
         1.00734667813415         2.20027016391411
           1.013173905772         2.22069775015196
         1.01900113340985         2.24129035591296
          1.0248283610477         2.26204989614558
         1.03065558868555         2.28297828584631
          1.0364828163234         2.30407743955935
         1.04231004396125         2.32534927098355
          1.0481372715991         2.34679569253617
         1.05396449923695         2.36841861493433
          1.0597917268748         2.39021994675037
         1.06561895451265         2.41220159391216
          1.0714461821505         2.43436545930734
         1.07727340978835         2.45671344224669
          1.0831006374262         2.47924743798097
         1.08892786506405         2.50196933724748
          1.0947550927019         2.52488102572969
         1.10058232033975          2.5479843835123
         1.10640954797761         2.57128128462649
         1.11223677561546         2.59477359640402
         1.11806400325331         2.61846317901461
         1.12389123089116         2.64235188484848
         1.12971845852901         2.66644155797474
         1.13554568616686         2.69073403350897
         1.14137291380471         2.71523113705784
         1.14720014144256         2.73993468406814
         1.15302736908041         2.76484647921859
         1.15885459671826         2.78996831582037
         1.16468182435611         2.81530197505453
         1.17050905199396         2.84084922545032
         1.17633627963181         2.86661182211985
         1.18216350726966          2.8925915060949
         1.18799073490751         2.91879000363723
         1.19381796254536          2.9452090255048
         1.19964519018321         2.97185026623385
         1.20547241782106         2.99871540340872
