            sqrt(s) [GeV]               sigma [mb]
         0.29764156047552       0.0112003186733947
        0.302200487238816       0.0159881529714531
        0.306759414002113       0.0222516247661979
        0.311318340765409       0.0300196502948629
        0.315877267528705       0.0393271491941509
        0.320436194292002       0.0502144564306008
        0.324995121055298       0.0627273150635997
        0.329554047818595       0.0769169063149152
        0.334112974581891       0.0928399021993434
        0.338671901345187        0.110558536075662
        0.343230828108484        0.130140687871192
         0.34778975487178        0.151659980922268
        0.352348681635076        0.175195887250136
        0.356907608398373        0.200833837823959
        0.361466535161669        0.228665333984216
        0.366025461924965        0.258788055720056
        0.370584388688262        0.291305961908268
        0.375143315451558        0.326329376922634
        0.379702242214854        0.363975057206556
        0.384261168978151        0.404366230455078
        0.388820095741447        0.447632598974577
        0.393379022504743        0.493910297566551
         0.39793794926804        0.543341794917377
        0.402496876031336         0.59607572596466
        0.407055802794632        0.652266641058387
        0.411614729557929        0.712074655953952
        0.416173656321225        0.775664984779782
        0.420732583084521        0.843207336160964
        0.425291509847818         0.91487515066131
        0.429850436611114        0.990844655767297
         0.43440936337441         1.07129371276892
        0.438968290137707         1.15640042830543
        0.443527216901003         1.24634150212313
        0.448086143664299         1.34129028194534
        0.452645070427596         1.44141449650067
        0.457203997190892         1.54687363897451
        0.461762923954188         1.65781597570855
        0.466321850717485         1.77437515929145
        0.470880777480781         1.89666643154515
        0.475439704244077         2.02478241081094
        0.479998631007374          2.1587884696691
         0.48455755777067         2.29871772423728
        0.489116484533966         2.44456567460813
        0.493675411297263          2.5962845581424
        0.498234338060559         2.75377750285158
        0.502793264823855         2.91689259707631
        0.507352191587152         3.08541702270924
        0.511911118350448         3.25907143198575
        0.516470045113745         3.43750477999594
        0.521028971877041         3.62028985485594
        0.525587898640337         3.80691977205148
        0.530146825403634         3.99680571583693
         0.53470575216693         4.18927621535739
        0.539264678930226         4.38357823313804
        0.543823605693523         4.57888031570116
        0.548382532456819         4.77427800826324
        0.552941459220115          4.9688016666731
        0.557500385983412         5.16142671077939
        0.562059312746708          5.3510862568706
        0.566618239510004         5.53668594759997
        0.571177166273301         5.71712067278278
        0.575736093036597         5.89129275230656
        0.580295019799893         6.05813104274098
         0.58485394656319         6.21661034197818
        0.589412873326486         6.36577041016953
        0.593971800089782         6.50473390722256
        0.598530726853079         6.63272257100408
        0.603089653616375         6.74907102631215
        0.607648580379671         6.85323771901075
        0.612207507142968         6.94481260511393
        0.616766433906264         7.02352138098074
         0.62132536066956         7.08922620621852
        0.625884287432857         7.14192303301897
        0.630443214196153         7.18173580300308
        0.635002140959449         7.20890789566691
        0.639561067722746         7.22379130453192
        0.644119994486042         7.22683407460143
        0.648678921249338            7.21856655743
        0.653237848012635         7.19958703060223
        0.657796774775931         7.17054719145813
        0.662355701539227         7.13213797670777
        0.666914628302524         7.08507608699114
         0.67147355506582         7.03009151521685
        0.676032481829116         6.96791629574978
        0.680591408592413         6.89927461327445
        0.685150335355709         6.82487433923183
        0.689709262119006         6.74540000264158
        0.694268188882302         6.66150715220722
        0.698827115645598         6.57381802816341
        0.703386042408894         6.48291843489751
        0.707944969172191         6.38935568790542
        0.712503895935487           6.293637499756
        0.717062822698784         6.19623166788518
         0.72162174946208         6.09756643067399
        0.726180676225376         5.99803136592503
        0.730739602988673         5.89797871623388
        0.735298529751969         5.79772503776157
        0.739857456515265         5.69755308165341
        0.744416383278562         5.59771383012681
        0.748975310041858         5.49842862155984
        0.753534236805154         5.39989131040033
        0.758093163568451         5.30227041816648
        0.762652090331747         5.20571124110926
        0.767211017095043         5.11033788822226
         0.77176994385834         5.01625523023776
        0.776328870621636         4.92355074610736
        0.780887797384932         4.83229625831642
        0.785446724148229         4.74254955233078
        0.790005650911525         4.65435587862808
        0.794564577674821         4.56774933823233
        0.799123504438118         4.48275415455165
        0.803682431201414          4.3993858357086
         0.80824135796471         4.31765223253618
        0.812800284728007         4.23755449806494
        0.817359211491303         4.15908795471249
        0.821918138254599         4.08224287556316
        0.826477065017896         4.00700518613837
        0.831035991781192         3.93335709294783
        0.835594918544488         3.86127764491015
        0.840153845307785         3.79074323346516
        0.844712772071081         3.72172803689067
        0.849271698834377         3.65420441399987
        0.853830625597674         3.58814325204681
         0.85838955236097         3.52351427331426
        0.862948479124266         3.46028630451011
        0.867507405887563         3.39842751276094
        0.872066332650859         3.33790561166708
        0.876625259414155         3.27868804057634
        0.881184186177452         3.22074211994514
        0.885743112940748         3.16403518538565
        0.890302039704044         3.10853470274814
        0.894860966467341         3.05420836635636
        0.899419893230637          3.0010241823023
        0.903978819993933         2.94895053851207
         0.90853774675723         2.89795626311789
        0.913096673520526         2.84801067251014
        0.917655600283822         2.79908361029725
        0.922214527047119         2.75114547826891
        0.926773453810415         2.70416726033862
        0.931332380573711         2.65812054033428
        0.935891307337008          2.6129775144074
        0.940450234100304         2.56871099874554
        0.945009160863601          2.5252944331932
        0.949568087626897         2.48270188131645
        0.954127014390193         2.44090802738333
         0.95868594115349         2.39988817067524
        0.963244867916786         2.35961821749424
        0.967803794680082         2.32007467118499
        0.972362721443379         2.28123462044998
        0.976921648206675         2.24307572619913
        0.981480574969971         2.20557620714327
        0.986039501733268         2.16871482430935
        0.990598428496564         2.13247086463065
         0.99515735525986         2.09682412373936
        0.999716282023157         2.06175488806747
         1.00427520878645         2.02724391634191
         1.00883413554975         1.99327242054076
         1.01339306231305         1.95982204636053
         1.01795198907634         1.92687485322796
         1.02251091583964         1.89441329387471
         1.02706984260293         1.86242019347794
         1.03162876936623         1.83087872835573
         1.03618769612953         1.79977240419135
         1.04074662289282         1.76908503374587
         1.04530554965612          1.7388007140032
         1.04986447641942         1.70890380267546
         1.05442340318271         1.67937889397949
         1.05898232994601         1.65021079357621
         1.06354125670931         1.62138449254353
          1.0681001834726         1.59288514023019
          1.0726591102359         1.56469801581083
         1.07721803699919         1.53680849833195
         1.08177696376249         1.50920203500219
         1.08633589052579         1.48186410743901
         1.09089481728908         1.45478019553397
         1.09545374405238          1.4279357385397
         1.10001267081568         1.40131609291214
         1.10457159757897         1.37490648635614
         1.10913052434227         1.34869196742072
         1.11368945110557         1.32265734986479
         1.11824837786886         1.29678715086247
         1.12280730463216         1.27106552192724
         1.12736623139545         1.24547617120248
         1.13192515815875         1.22000227547184
         1.13648408492205         1.19462637987878
         1.14104301168534         1.16933028287833
         1.14560193844864         1.14409490335308
         1.15016086521194         1.11890012606219
         1.15471979197523         1.09372462060436
         1.15927871873853          1.0685456277798
         1.16383764550182         1.04333870552307
         1.16839657226512         1.01807742428735
         1.17295549902842        0.992732998661329
         1.17751442579171        0.967273837753544
         1.18207335255501        0.941664990981821
         1.18663227931831        0.915867457591836
          1.1911912060816        0.889837316315197
          1.1957501328449        0.863524614192867
          1.2003090596082        0.836871927710973
         1.20486798637149        0.809812470002334
