        0.706392814990235     0.000149636773132276
        0.708900752692902       0.0892182203610985
         0.71140869039557        0.126365159383266
        0.713916628098237         0.15500206484457
        0.716424565800905        0.179259456021885
        0.718932503503572        0.200735527898944
         0.72144044120624        0.220249076500767
        0.723948378908907         0.23828598688855
        0.726456316611575        0.255162492218019
        0.728964254314242        0.271097999604918
        0.731472192016909        0.286252071490128
        0.733980129719577        0.300745021274623
        0.736488067422244        0.314670207483766
        0.738996005124912         0.32810178304882
        0.741503942827579        0.341099797282582
        0.744011880530247        0.353713680402324
        0.746519818232914        0.365984691888096
        0.749027755935582        0.377947691433048
        0.751535693638249        0.389632443387466
        0.754043631340917        0.401064599904327
        0.756551569043584         0.41226645211981
        0.759059506746252        0.423257514387213
        0.761567444448919        0.434054984457658
        0.764075382151587        0.444674109130724
        0.766583319854254        0.455128480376488
        0.769091257556922        0.465430274786521
        0.771599195259589        0.475590450995039
        0.774107132962257        0.485618912948587
        0.776615070664924        0.495524645517473
        0.779123008367592        0.505315829164453
        0.781630946070259        0.514999936979852
        0.784138883772927        0.524583815789613
        0.786646821475594        0.534073757075822
        0.789154759178262        0.543475557437253
        0.791662696880929        0.552794570707651
        0.794170634583597         0.56203575342964
        0.796678572286264        0.571203704673672
        0.799186509988932        0.580302700582358
        0.801694447691599        0.589336725219164
        0.804202385394267        0.598309497857877
        0.806710323096934        0.607224497093027
        0.809218260799602        0.616084982179202
        0.811726198502269        0.624894013152642
        0.814234136204937        0.633654467354733
        0.816742073907604        0.642369056318374
        0.819250011610272        0.651040338766092
        0.821757949312939        0.659670734575566
        0.824265887015607        0.668262536066287
        0.826773824718274        0.676817918941216
        0.829281762420942        0.685338951394841
        0.831789700123609         0.69382760315206
        0.834297637826277        0.702285753552619
        0.836805575528944        0.710715198097884
        0.839313513231612        0.719117655251429
        0.841821450934279        0.727494771134709
        0.844329388636947        0.735848125727638
        0.846837326339614        0.744179236135492
        0.849345264042282        0.752489560835796
        0.851853201744949        0.760780503550933
        0.854361139447616        0.769053415503688
        0.856869077150284        0.777309598224007
        0.859377014852951        0.785550306248833
        0.861884952555619        0.793776748942315
        0.864392890258286        0.801990092385351
        0.866900827960954        0.810191461892593
        0.869408765663621        0.818381942440526
        0.871916703366289        0.826562581581289
        0.874424641068956        0.834734389898402
        0.876932578771624        0.842898343353897
        0.879440516474291        0.851055383992684
        0.881948454176959        0.859206421895703
        0.884456391879626        0.867352336346104
        0.886964329582294        0.875493977107371
        0.889472267284961        0.883632166046671
        0.891980204987629        0.891767697730674
        0.894488142690296        0.899901341763643
        0.896996080392964        0.908033843049849
        0.899504018095631        0.916165923288633
        0.902011955798299        0.924298282307144
        0.904519893500966        0.932431598207933
        0.907027831203634        0.940566530593421
        0.909535768906301        0.948703718949029
        0.912043706608969        0.956843784829952
        0.914551644311636        0.964987332844347
        0.917059582014304        0.973134951535935
        0.919567519716971        0.981287213378052
        0.922075457419639        0.989444676654246
        0.924583395122306        0.997607885282733
        0.927091332824974         1.00577736999716
        0.929599270527641         1.01395364874032
        0.932107208230309         1.02213722727408
        0.934615145932976         1.03032860006649
        0.937123083635644         1.03852824992785
        0.939631021338311         1.04673664988057
        0.942138959040979         1.05495426246446
        0.944646896743646         1.06318154045867
        0.947154834446313         1.07141892791083
        0.949662772148981         1.07966685967349
        0.952170709851649         1.08792576237854
        0.954678647554316         1.09619605429455
        0.957186585256983         1.10447814626281
        0.959694522959651         1.11277244145769
        0.962202460662318         1.12107933599258
        0.964710398364986         1.12939921911311
        0.967218336067653         1.13773247346991
        0.969726273770321         1.14607947537393
        0.972234211472988         1.15444059502194
        0.974742149175656         1.16281619677793
        0.977250086878323         1.17120663930496
        0.979758024580991         1.17961227584588
        0.982265962283658         1.18803345428848
        0.984773899986326         1.19647051784304
        0.987281837688993         1.20492380432168
        0.989789775391661         1.21339364739623
        0.992297713094328         1.22188037551469
        0.994805650796996         1.23038431297899
        0.997313588499663         1.23890578027255
        0.999821526202331         1.24744509306303
           1.002329463905         1.25600256415883
         1.00483740160767         1.26457850124757
         1.00734533931033         1.27317320914332
           1.009853277013         1.28178698884902
         1.01236121471567         1.29042013786685
         1.01486915241834         1.29907295038348
           1.017377090121         1.30774571730724
         1.01988502782367         1.31643872621777
         1.02239296552634         1.32515226207971
         1.02490090322901         1.33388660660237
         1.02740884093167         1.34264203864541
         1.02991677863434         1.35141883432112
         1.03242471633701         1.36021726695977
         1.03493265403968         1.36903760744609
         1.03744059174234         1.37788012399515
         1.03994852944501         1.38674508243693
         1.04245646714768         1.39563274604687
         1.04496440485035         1.40454337589554
         1.04747234255301         1.41347723077182
         1.04998028025568         1.42243456728293
         1.05248821795835         1.43141563987344
         1.05499615566102         1.44042070088523
         1.05750409336368         1.44945000066548
         1.06001203106635         1.45850378760005
         1.06251996876902         1.46758230816592
         1.06502790647169         1.47668580681579
         1.06753584417435         1.48581452669836
         1.07004378187702         1.49496870826911
         1.07255171957969           1.504148591186
         1.07505965728236         1.51335441297507
         1.07756759498502         1.52258640958347
         1.08007553268769         1.53184481534001
         1.08258347039036         1.54112986304885
         1.08509140809303         1.55044178398548
         1.08759934579569         1.55978080787494
         1.09010728349836         1.56914716311731
         1.09261522120103         1.57854107657899
          1.0951231589037         1.58796277381161
         1.09763109660636         1.59741247913999
         1.10013903430903         1.60689041491614
          1.1026469720117         1.61639680297009
         1.10515490971437         1.62593186367103
         1.10766284741703         1.63549581586041
          1.1101707851197         1.64508887736577
         1.11267872282237         1.65471126477659
         1.11518666052504         1.66436319350978
          1.1176945982277         1.67404487783801
         1.12020253593037         1.68375653090221
         1.12271047363304         1.69349836471867
         1.12521841133571         1.70327059021325
         1.12772634903837          1.7130734172408
         1.13023428674104         1.72290705462073
         1.13274222444371         1.73277171007563
         1.13525016214638         1.74266759036357
         1.13775809984904         1.75259490119744
         1.14026603755171         1.76255384722794
         1.14277397525438         1.77254463231344
         1.14528191295705         1.78256745921358
         1.14778985065971           1.792622529468
         1.15029778836238         1.80271004439344
         1.15280572606505         1.81283020359024
         1.15531366376772         1.82298320607305
         1.15782160147038         1.83316924984697
         1.16032953917305         1.84338853185525
         1.16283747687572         1.85364124841806
         1.16534541457839         1.86392759458376
         1.16785335228105         1.87424776448246
         1.17036128998372          1.8846019514676
         1.17286922768639         1.89499034764379
         1.17537716538906         1.90541314410572
         1.17788510309172         1.91587053092183
         1.18039304079439         1.92636269656282
         1.18290097849706         1.93688982840813
         1.18540891619972         1.94745211199235
         1.18791685390239          1.9580497306267
         1.19042479160506          1.9686828649756
         1.19293272930773         1.97935169103959
         1.19544066701039         1.99005637768931
         1.19794860471306         2.00079707962448
         1.20045654241573         2.01157391747962
          1.2029644801184         2.02238689320566
         1.20547241782106         2.03323169863685
