       0.0335780781440502       0.0108831278371831
       0.0394649616578737       0.0133433038511287
       0.0453518451716972       0.0175515042398724
       0.0512387286855208       0.0230840183406829
       0.0571256121993443       0.0298008340042552
       0.0630124957131679       0.0376459319053753
       0.0688993792269914       0.0466062393389789
       0.0747862627408149       0.0566936864467055
       0.0806731462546385       0.0679364543390836
        0.086560029768462       0.0803744546371748
       0.0924469132822855       0.0940569349334734
       0.0983337967961091        0.109041228208508
        0.104220680309933        0.125392156448322
        0.110107563823756        0.143181831575202
         0.11599444733758        0.162489713207565
        0.121881330851403        0.183402843795864
        0.127768214365227        0.206016215658643
         0.13365509787905        0.230433243424079
        0.139541981392874        0.256766326318331
        0.145428864906697        0.285137491945551
        0.151315748420521        0.315679115683912
        0.157202631934344        0.348534715552799
        0.163089515448168        0.383859818509096
        0.168976398961992        0.421822899622712
        0.174863282475815        0.462606389742818
        0.180750165989639        0.506407755834173
        0.186637049503462        0.553440638894642
        0.192523933017286        0.603936053389418
        0.198410816531109        0.658143630390023
        0.204297700044933        0.716332891390654
        0.210184583558756        0.778794528991268
         0.21607146707258        0.845841663632073
        0.221958350586403        0.917811033805232
        0.227845234100227        0.995064062544799
         0.23373211761405         1.07798772539558
        0.239619001127874         1.16699512518567
        0.245505884641698         1.26252564472961
        0.251392768155521         1.36504452418504
        0.257279651669345         1.47504166230933
        0.263166535183168           1.593029399112
        0.269053418696992         1.71953897527578
        0.274940302210815          1.8551153137718
        0.280827185724639         2.00030969057809
        0.286714069238462         2.15566980714078
        0.292600952752286         2.32172670466313
        0.298487836266109         2.49897792447635
        0.304374719779933         2.68786629881393
        0.310261603293756          2.8887537998331
         0.31614848680758         3.10188998029182
        0.322035370321404         3.32737479421289
        0.327922253835227          3.5651159474602
        0.333809137349051         3.81478152200307
        0.339696020862874         4.07574942162321
        0.345582904376698         4.34705620364923
        0.351469787890521         4.62734909483351
        0.357356671404345         4.91484630817717
        0.363243554918168         5.20731196808514
        0.369130438431992         5.50205279871865
        0.375017321945815         5.79594379245326
        0.380904205459639         6.08548900357914
        0.386791088973462         6.36692112135792
        0.392677972487286         6.63633942473361
        0.398564856001109         6.88988045120744
        0.404451739514933         7.12390994638925
        0.410338623028757         7.33521946794659
         0.41622550654258         7.52120776492138
        0.422112390056404         7.68002678036418
        0.427999273570227         7.81067535471421
        0.433886157084051         7.91303006965402
        0.439773040597874         7.98781100690468
        0.445659924111698         8.03648870299774
        0.451546807625521          8.0611456455989
        0.457433691139345         8.06430989509129
        0.463320574653168         8.04877944830673
        0.469207458166992         8.01745411607969
        0.475094341680815         7.97318779711433
        0.480981225194639         7.91866928984311
        0.486868108708463         7.85633509563415
        0.492754992222286          7.7883138045005
         0.49864187573611         7.71639888551639
        0.504528759249933         7.64204511527703
        0.510415642763757         7.56638324509197
         0.51630252627758         7.49024761889239
        0.522189409791404         7.41421199783666
        0.528076293305227         7.33862962721731
        0.533963176819051         7.26367441453079
        0.539850060332874         7.18938089323944
        0.545736943846698         7.11568132118654
        0.551623827360521         7.04243886789684
        0.557510710874345         6.96947630782587
        0.563397594388168         6.89659998078423
        0.569284477901992         6.82361911503362
        0.575171361415816         6.75036079099062
        0.581058244929639         6.67668103640496
        0.586945128443463         6.60247273814049
        0.592832011957286          6.5276713035976
         0.59871889547111         6.45225952703433
        0.604605778984933         6.37627434165528
        0.610492662498757         6.29982163831531
         0.61637954601258         6.22311713198851
        0.622266429526404         6.14662067250229
        0.628153313040227         6.07162531893308
        0.634040196554051         6.00519658800987
        0.639927080067874         5.80663567010425
        0.645813963581698         5.81229792687329
        0.651700847095522         5.73393818852267
        0.657587730609345         5.65676679496901
        0.663474614123169         5.57949772657605
        0.669361497636992         5.50249782317057
        0.675248381150816         5.42601620245116
        0.681135264664639         5.35023878995832
        0.687022148178463         5.27531592463083
        0.692909031692286         5.20137431146626
         0.69879591520611         5.12852263203393
        0.704682798719933         5.05685450587843
        0.710569682233757         4.98645027706256
         0.71645656574758         4.91737827362411
        0.722343449261404         4.84969581442923
        0.728230332775228         4.78345010071944
        0.734117216289051         4.71867904221358
        0.740004099802875         4.65541204782396
        0.745890983316698         4.59367078284091
        0.751777866830522          4.5334698979312
        0.757664750344345         4.47481772212597
        0.763551633858169         4.41771691924419
        0.769438517371992         4.36216510249107
        0.775325400885816         4.30815540227839
        0.781212284399639         4.25567699934443
        0.787099167913463         4.20471560120349
        0.792986051427286         4.15525388981659
         0.79887293494111         4.10727192668298
        0.804759818454933         4.06074752764408
        0.810646701968757         4.01565660692997
        0.816533585482581         3.97197349926321
        0.822420468996404         3.92967125261696
        0.828307352510228         3.88872189975669
        0.834194236024051         3.84909670328656
        0.840081119537875         3.81076637502576
        0.845968003051698         3.77370126846108
        0.851854886565522         3.73787154556196
        0.857741770079345         3.70324731732476
        0.863628653593169         3.66979876255981
        0.869515537106992          3.6374962247437
        0.875402420620816         3.60631029166958
        0.881289304134639         3.57621185814589
        0.887176187648463         3.54717217640384
        0.893063071162287         3.51916289538522
         0.89894995467611          3.4921560888976
        0.904836838189934         3.46612427674979
        0.910723721703757         3.44104043804137
        0.916610605217581         3.41687801825995
        0.922497488731404          3.3936109302951
        0.928384372245228         3.37121355059661
        0.934271255759051         3.34966071023727
        0.940158139272875         3.32892768187988
        0.946045022786698          3.3089901618481
        0.951931906300522         3.28982424900489
        0.957818789814346         3.27140641896307
        0.963705673328169          3.2537134941786
        0.969592556841993         3.23672261114782
        0.975479440355816         3.22041118199988
         0.98136632386964         3.20475685258575
        0.987253207383463         3.18973745644721
        0.993140090897287         3.17533096140014
         0.99902697441111         3.16151541354447
         1.00491385792493         3.14826887249111
         1.01080074143876         3.13556934038195
         1.01668762495258         3.12339468244647
          1.0225745084664         3.11172253762723
         1.02846139198023         3.10053021787304
         1.03434827549405         3.08979459407187
         1.04023515900788         3.07949196560222
          1.0461220425217         3.06959791050577
         1.05200892603552         3.06008711242765
         1.05789580954935         3.05093315866535
         1.06378269306317         3.04210830312977
         1.06966957657699         3.03358318575625
         1.07555646009082         3.02532649690472
         1.08144334360464         3.01730457403605
         1.08733022711846         3.00948090959311
         1.09321711063229          3.0018155469257
         1.09910399414611         2.99426432889271
         1.10499087765993           2.986777952592
         1.11087776117376         2.97930076437864
         1.11676464468758         2.97176920120849
          1.1226515282014         2.96410974281706
         1.12853841171523         2.95623617051148
         1.13442529522905         2.94804582700948
         1.14031217874288          2.9394143870935
          1.1461990622567          2.9301883544229
         1.15208594577052         2.92017394785341
         1.15797282928435         2.90912001431567
         1.16385971279817         2.89669053762777
         1.16974659631199         2.88241784371363
         1.17563347982582         2.86561699397462
         1.18152036333964         2.84521340995872
         1.18740724685346         2.81934560530755
         1.19329413036729         2.78423798935499
         1.19918101388111           2.729516602888
         1.20506789739493         2.44347169175726
