            sqrt(s) [GeV]               sigma [mb]
        0.569872378253043         2.93962582731267
        0.573063310957156         2.68167872853738
        0.576254243661269         2.58183196775203
        0.579445176365382         2.50806156065607
        0.582636109069494         2.44785987842359
        0.585827041773607         2.39639327364153
         0.58901797447772         2.35118534527185
        0.592208907181833         2.31076478789801
        0.595399839885946         2.27417218858205
        0.598590772590058          2.2407399018195
        0.601781705294171         2.20998058216206
        0.604972637998284          2.1815251369644
        0.608163570702397         2.15508580483494
         0.61135450340651         2.13043250159402
        0.614545436110623         2.10737799009011
        0.617736368814735         2.08576707275714
        0.620927301518848         2.06546931053013
        0.624118234222961         2.04637370547513
        0.627309166927074         2.02838477559334
        0.630500099631186         2.01141959964648
        0.633691032335299         1.99540555433565
        0.636881965039412         1.98027855438033
        0.640072897743525         1.96598166572419
        0.643263830447638          1.9524639986083
        0.646454763151751         1.93967981467983
        0.649645695855863         1.92758779916397
        0.652836628559976         1.91615046257883
        0.656027561264089         1.90533364358089
        0.659218493968202         1.89510609446006
        0.662409426672315         1.88543913113755
        0.665600359376427         1.87630633805825
         0.66879129208054         1.86768331452417
        0.671982224784653         1.85954745819899
        0.675173157488766         1.85187777899358
        0.678364090192879         1.84465473577767
        0.681555022896991         1.83786009780438
        0.684745955601104         1.83147681767834
        0.687936888305217         1.82548892637072
         0.69112782100933         1.81988143725487
        0.694318753713443         1.81464025827607
        0.697509686417556         1.80975212201357
        0.700700619121668         1.80520451472522
        0.703891551825781         1.80098561793482
        0.707082484529894         1.79708425487855
        0.710273417234007         1.79348984192703
        0.713464349938119         1.79019234596188
        0.716655282642232         1.78718224274748
        0.719846215346345         1.78445048368199
        0.723037148050458         1.78198846378883
        0.726228080754571         1.77978798945974
        0.729419013458684         1.77784125333144
        0.732609946162796         1.77614081009971
        0.735800878866909         1.77467955187606
        0.738991811571022         1.77345069025949
        0.742182744275135           1.772447735505
        0.745373676979248         1.77166447916462
         0.74856460968336         1.77109497928674
        0.751755542387473         1.77073354174309
        0.754946475091586         1.77057471150508
        0.758137407795699         1.77061325655546
        0.761328340499812          1.7708441554221
        0.764519273203924         1.77126258932964
        0.767710205908037         1.77186392783951
         0.77090113861215         1.77264372267216
        0.774092071316263         1.77359769760964
        0.777283004020376         1.77472173666858
        0.780473936724489         1.77601188337107
        0.783664869428601         1.77746432854298
        0.786855802132714          1.7790754008873
        0.790046734836827         1.78084156800103
         0.79323766754094         1.78275942458501
        0.796428600245052          1.7848256863701
        0.799619532949165         1.78703719007848
        0.802810465653278          1.7893908834276
        0.806001398357391         1.79188381962654
        0.809192331061504         1.79451315875244
        0.812383263765617         1.79727615769055
        0.815574196469729          1.8001701679376
        0.818765129173842         1.80319263293921
        0.821956061877955         1.80634108310127
        0.825146994582068         1.80961313311517
        0.828337927286181         1.81300647681759
        0.831528859990293         1.81651888826315
        0.834719792694406         1.82014821465607
        0.837910725398519         1.82389237430321
        0.841101658102632         1.82774935670502
        0.844292590806745         1.83171721681412
        0.847483523510857         1.83579407380978
         0.85067445621497         1.83997811013491
        0.853865388919083         1.84426756659367
        0.857056321623196         1.84866074195507
        0.860247254327309         1.85315599182854
        0.863438187031422         1.85775172478776
        0.866629119735534         1.86244640190674
        0.869820052439647         1.86723853410957
         0.87301098514376         1.87212668142266
        0.876201917847873         1.87710945081038
        0.879392850551985         1.88218549524241
        0.882583783256098         1.88735351081311
        0.885774715960211         1.89261223742838
        0.888965648664324          1.8979604556162
        0.892156581368437         1.90339698662283
         0.89534751407255         1.90892069003082
        0.898538446776662         1.91453046353076
        0.901729379480775         1.92022524128001
        0.904920312184888         1.92600399299742
        0.908111244889001         1.93186572279648
        0.911302177593114           1.937809468199
        0.914493110297226         1.94383429900427
        0.917684043001339         1.94993931723938
        0.920874975705452         1.95612365525842
        0.924065908409565         1.96238647447204
        0.927256841113678         1.96872696659106
        0.930447773817791         1.97514435070398
        0.933638706521903         1.98163787354903
        0.936829639226016         1.98820671229085
        0.940020571930129          1.9948503588941
        0.943211504634242         2.00156804135742
        0.946402437338354          2.0083591089271
        0.949593370042467         2.01522293490238
         0.95278430274658         2.02215891518882
        0.955975235450693         2.02916646964943
        0.959166168154806         2.03624503946668
        0.962357100858919         2.04339408773152
        0.965548033563031         2.05061309868884
        0.968738966267144         2.05790157644037
        0.971929898971257         2.06525904625778
         0.97512083167537          2.0726850521925
        0.978311764379483         2.08017915763062
        0.981502697083595         2.08774094470623
        0.984693629787708         2.09537001305661
        0.987884562491821          2.1030659811284
        0.991075495195934         2.11082848401064
        0.994266427900047         2.11865717392208
        0.997457360604159         2.12655171969684
         1.00064829330827         2.13451180625195
         1.00383922601238          2.1425371340283
          1.0070301587165         2.15062741961881
         1.01022109142061         2.15878231119163
         1.01341202412472          2.1670017214258
         1.01660295682884         2.17528532738063
         1.01979388953295         2.18363290332581
         1.02298482223706         2.19204423814921
         1.02617575494117         2.20051913376404
         1.02936668764529         2.20905740542346
          1.0325576203494         2.21765888142628
         1.03574855305351         2.22632340264091
         1.03893948575763         2.23505082227542
         1.04213041846174         2.24384100606812
         1.04532135116585         2.25269383139724
         1.04851228386996         2.26160918730181
         1.05170321657408         2.27058697447113
         1.05489414927819         2.27962710442165
          1.0580850819823         2.28872950013067
         1.06127601468642         2.29789409490786
         1.06446694739053         2.30712083296784
         1.06765788009464         2.31640966849714
         1.07084881279875         2.32576056618412
         1.07403974550287         2.33517350048011
         1.07723067820698         2.34464845564485
         1.08042161091109         2.35418542531798
         1.08361254361521         2.36378441284097
         1.08680347631932         2.37344543051723
         1.08999440902343         2.38316849975722
         1.09318534172754         2.39295365086978
         1.09637627443166         2.40280092285055
         1.09956720713577         2.41271017546311
         1.10275813983988         2.42268184165599
         1.10594907254399         2.43271579616975
         1.10914000524811         2.44281211123146
         1.11233093795222         2.45297086688248
         1.11552187065633         2.46319215107245
         1.11871280336045          2.4734760593499
         1.12190373606456         2.48382269470907
         1.12509466876867         2.49423216757558
         1.12828560147278         2.50470459565886
          1.1314765341769         2.51524010371176
         1.13466746688101         2.52583882353312
         1.13785839958512         2.53650089367594
         1.14104933228924         2.54722645952058
         1.14424026499335          2.5580156731694
         1.14743119769746         2.56886853115368
         1.15062213040157         2.57978552394325
         1.15381306310569         2.59076665918343
          1.1570039958098         2.60181211430451
         1.16019492851391         2.61292207240748
         1.16338586121803         2.62409672329655
         1.16657679392214         2.63533626219498
         1.16976772662625         2.64664089014921
         1.17295865933036         2.65801081388169
         1.17614959203448         2.66944624572776
         1.17934052473859         2.68094740348981
          1.1825314574427         2.69251451029907
         1.18572239014682         2.70414779468963
         1.18891332285093         2.71584749026612
         1.19210425555504          2.7276138359189
         1.19529518825915         2.73944707540122
         1.19848612096327         2.75134745746366
         1.20167705366738         2.76331523579434
         1.20486798637149         2.77535066878113
