            sqrt(s) [GeV]               sigma [mb]
       0.0677115399993003        0.214435949250084
       0.0734341028896499        0.223479454314637
       0.0791566657799996        0.251288253183305
       0.0848792286703492        0.288849235216388
       0.0906017915606988        0.335249759623404
       0.0963243544510484         0.39035960495728
        0.102046917341398         0.45443445509376
        0.107769480231748         0.52800168884369
        0.113492043122097        0.611819683580948
        0.119214606012447        0.706867942768771
        0.124937168902797         0.81435434297295
        0.130659731793146        0.935734779498621
        0.136382294683496         1.07274340808947
        0.142104857573845          1.2274321294765
        0.147827420464195         1.40222092877906
        0.153549983354545         1.59995875193918
        0.159272546244894         1.82399607625716
        0.164995109135244         2.07826934277294
        0.170717672025594         2.36739847777935
        0.176440234915943         2.69679163961572
        0.182162797806293         3.07275709773341
        0.187885360696642         3.50260778482027
        0.193607923586992         3.99474010386605
        0.199330486477342         4.55865189808807
        0.205053049367691         5.20484155249096
        0.210775612258041         5.94449596992507
        0.216498175148391         6.78882834888279
         0.22222073803874         7.74787055853584
         0.22794330092909         8.82847507426045
        0.233665863819439         10.0312786162413
        0.239388426709789          11.346504775531
        0.245110989600139         12.7488591892149
        0.250833552490488         14.1925126643267
        0.256556115380838         15.6082214058324
        0.262278678271188          16.905518834797
        0.268001241161537          17.982609145046
        0.273723804051887         18.7440759665233
        0.279446366942236         19.1221204867433
        0.285168929832586         19.0933893117485
        0.290891492722936         18.6839709075276
        0.296614055613285         17.9605202470719
        0.302336618503635         17.0121463710084
        0.308059181393985         15.9309716467565
        0.313781744284334         14.7976967695637
        0.319504307174684         13.6744483604045
        0.325226870065033         12.6037853328915
        0.330949432955383         11.6113617776021
        0.336671995845733         10.7099640367088
        0.342394558736082         9.90348122245496
        0.348117121626432         9.19015813865299
        0.353839684516782         8.56498491337101
        0.359562247407131         8.02132098516629
        0.365284810297481         7.55192889603678
        0.371007373187831         7.14958980984646
         0.37672993607818          6.8074395145782
         0.38245249896853         6.51912632870757
        0.388175061858879         6.27886067843059
        0.393897624749229         6.08140239598627
        0.399620187639579         5.92201521254634
        0.405342750529928          5.7964068350902
        0.411065313420278          5.7006658060482
        0.416787876310627         5.63120177370159
        0.422510439200977         5.58469292692877
        0.428233002091327         5.55804253621243
        0.433955564981676         5.54834537394078
        0.439678127872026         5.55286399798741
        0.445400690762376         5.56901431201083
        0.451123253652725          5.5943593799105
        0.456845816543075         5.62661013109787
        0.462568379433424         5.66363134014308
        0.468290942323774         5.70345110841135
        0.474013505214124         5.74427202781101
        0.479736068104473         5.78448227688301
        0.485458630994823         5.82266508590087
        0.491181193885173         5.85760529452768
        0.496903756775522         5.88829208758965
        0.502626319665872         5.91391739395367
        0.508348882556221          5.9338698343357
        0.514071445446571         5.94772446546645
        0.519794008336921         5.95522886498563
         0.52551657122727         5.95628631214886
         0.53123913411762         5.95093693804668
         0.53696169700797         5.93933775146412
        0.542684259898319         5.92174240232969
        0.548406822788669         5.89848144633767
        0.554129385679019         5.86994373817667
        0.559851948569368         5.83655943061869
        0.565574511459718         5.79878490526138
        0.571297074350067         5.75708982576692
        0.577019637240417         5.71194639140252
        0.582742200130767         5.66382078846709
        0.588464763021116         5.61316679120372
        0.594187325911466         5.56042146419495
        0.599909888801816         5.50600297292547
        0.605632451692165         5.45031065455333
        0.611355014582515         5.39372779775256
        0.617077577472864         5.33662819008755
        0.622800140363214           5.279388784523
        0.628522703253564         5.22241380053967
        0.634245266143913         5.16618301827635
        0.639967829034263         5.11135802500511
        0.645690391924613         5.05904908343489
        0.651412954814962         5.01162290636656
        0.657135517705312         4.97593715888642
        0.662858080595661          4.9817107929814
        0.668580643486011         4.31567317428544
        0.674303206376361         4.64474878339206
         0.68002576926671         4.63666898238869
         0.68574833215706         4.60112482369214
         0.69147089504741         4.55847330014953
        0.697193457937759          4.5134964533089
        0.702916020828109         4.46790601030858
        0.708638583718458         4.42246876146955
        0.714361146608808         4.37757940096641
        0.720083709499158         4.33346033924334
        0.725806272389507         4.29024438120102
        0.731528835279857         4.24801352412841
        0.737251398170206         4.20681920210903
        0.742973961060556         4.16669431914499
        0.748696523950906         4.12766338383424
        0.754419086841255         4.08977407368143
        0.760141649731605         4.05219944489504
        0.765864212621955         4.01594889509469
        0.771586775512304         3.98092370566895
        0.777309338402654         3.94702960368176
        0.783031901293004         3.91422004306489
        0.788754464183353         3.88246148608562
        0.794477027073703         3.85172565476623
        0.800199589964052         3.82198689077081
        0.805922152854402         3.79322108506542
        0.811644715744752         3.76540522369366
        0.817367278635101         3.73851721492492
        0.823089841525451         3.71253585243036
        0.828812404415801         3.68744083607698
         0.83453496730615         3.66321279457335
          0.8402575301965         3.63983326138865
         0.84598009308685         3.61728456192145
        0.851702655977199         3.59554958792277
        0.857425218867549         3.57461146545025
        0.863147781757898         3.55445316772281
        0.868870344648248         3.53505715857976
        0.874592907538598         3.51640516377653
        0.880315470428947         3.49847813527852
        0.886038033319297         3.48125641419242
        0.891760596209646         3.46472003645584
        0.897483159099996         3.44884909086106
        0.903205721990346         3.43362404303782
        0.908928284880695         3.41902597030356
        0.914650847771045         3.40503669025937
        0.920373410661395         3.39163879480227
        0.926095973551744         3.37881561605894
        0.931818536442094         3.36655115219695
        0.937541099332444         3.35482997550729
        0.943263662222793         3.34363713806348
        0.948986225113143         3.33295808344426
        0.954708788003492         3.32277856772245
        0.960431350893842          3.3130845903664
        0.966153913784192         3.30386233363043
        0.971876476674541         3.29509810862804
        0.977599039564891         3.28677830574952
         0.98332160245524         3.27888934795744
         0.98904416534559         3.27141764476287
         0.99476672823594         3.26434954556836
         1.00048929112629         3.25767129110795
         1.00621185401664         3.25136896162923
         1.01193441690699         3.24542842061898
         1.01765697979734         3.23983525296814
         1.02337954268769         3.23457469628897
         1.02910210557804         3.22963156367994
         1.03482466846839         3.22499015648214
         1.04054723135874         3.22063416501944
         1.04626979424909         3.21654655452347
         1.05199235713944         3.21270943362942
         1.05771492002979         3.20910390134678
         1.06343748292014         3.20570986792431
         1.06916004581048         3.20250584362299
         1.07488260870083         3.19946868767848
         1.08060517159118         3.19657330731936
         1.08632773448153         3.19379229449308
         1.09205029737188         3.19109548225551
         1.09777286026223         3.18844939873535
         1.10349542315258          3.1858165872465
         1.10921798604293         3.18315474981175
         1.11494054893328         3.18041565447779
         1.12066311182363         3.17754372131799
         1.12638567471398          3.1744741634197
         1.13210823760433         3.17113049922153
         1.13783080049468         3.16742115594131
         1.14355336338503         3.16323472374499
         1.14927592627538         3.15843314558756
         1.15499848916573         3.15284163360349
         1.16072105205608         3.14623317098423
         1.16644361494643         3.13830358686839
         1.17216617783678         3.12862914846675
         1.17788874072713         3.11658901719197
         1.18361130361748         3.10120919079774
         1.18933386650783         3.08080304781842
         1.19505642939818         3.05195209331321
         1.20077899228853         3.00527352965504
         1.20650155517888         2.75046776874882
