        0.411907911200804         0.11790806327516
        0.415900844082643         0.11929045199642
        0.419893776964482         0.12583502640176
        0.423886709846321        0.133562063176207
        0.427879642728159          0.1420152199296
        0.431872575609998        0.150971575957164
        0.435865508491837        0.160290486834612
        0.439858441373676        0.169874002872608
        0.443851374255515         0.17965141702205
        0.447844307137353        0.189571828637181
        0.451837240019192          0.1995999676604
        0.455830172901031        0.209714086711041
         0.45982310578287         0.21990427250324
        0.463816038664709        0.230172536113856
        0.467808971546547        0.240533068226824
        0.471801904428386        0.251013847594662
        0.475794837310225        0.261659971591524
        0.479787770192064        0.272540795636092
        0.483780703073903        0.283768767991715
        0.487773635955741        0.295609962523129
         0.49176656883758         0.30836360426298
        0.495759501719419        0.321606728301271
        0.499752434601258        0.335139656330264
        0.503745367483097        0.348853484651386
        0.507738300364935        0.362663825281057
        0.511731233246774         0.37652679756125
        0.515724166128613        0.390399756550807
        0.519717099010452        0.404252296992867
         0.52371003189229        0.418061129684493
        0.527702964774129        0.431807847973452
        0.531695897655968        0.445478419817951
        0.535688830537807        0.459061533138536
        0.539681763419646        0.472548578869908
        0.543674696301484        0.485932982929683
        0.547667629183323        0.499209479747799
        0.551660562065162          0.5123752475377
        0.555653494947001        0.525426423896208
         0.55964642782884        0.538362215018408
        0.563639360710678        0.551178996116631
        0.567632293592517        0.563884277413388
        0.571625226474356        0.576470798631406
        0.575618159356195        0.588941423506829
        0.579611092238034        0.601297705754853
        0.583604025119872        0.613541667393077
        0.587596958001711        0.625673853873695
         0.59158989088355        0.637697170708633
        0.595582823765389        0.649614087894618
        0.599575756647228        0.661424676986265
        0.603568689529066        0.673133808406347
        0.607561622410905        0.684743172697228
        0.611554555292744        0.696255109881681
        0.615547488174583         0.70767323289328
        0.619540421056422        0.718998648201556
         0.62353335393826        0.730233391001024
        0.627526286820099         0.74138343521315
        0.631519219701938        0.752447113935399
        0.635512152583777        0.763429991436849
        0.639505085465616        0.774334083683243
        0.643498018347454         0.78516113658731
        0.647490951229293        0.795913264653429
        0.651483884111132        0.806593224601533
        0.655476816992971        0.817202964371197
        0.659469749874809         0.82774430843677
        0.663462682756648        0.838219078960353
        0.667455615638487        0.848631517204235
        0.671448548520326        0.858971020424595
        0.675441481402165         0.86925096159843
        0.679434414284003        0.879465285303808
        0.683427347165842        0.889611054661948
        0.687420280047681        0.899681766061492
         0.69141321292952        0.909650533522216
        0.695406145811359        0.919528007702486
        0.699399078693197        0.929353315003248
        0.703392011575036        0.939150035729032
        0.707384944456875         0.94892765842087
        0.711377877338714        0.958699594217894
        0.715370810220553        0.968471185941647
        0.719363743102391        0.978248203445645
         0.72335667598423        0.988035040956591
        0.727349608866069        0.997835072058491
        0.731342541747908         1.00765495168737
        0.735335474629747         1.01748530143579
        0.739328407511585         1.02735154746291
        0.743321340393424         1.03723206773551
        0.747314273275263         1.04714480509925
        0.751307206157102         1.05708658381919
        0.755300139038941         1.06704719648037
        0.759293071920779         1.07704170103315
        0.763286004802618         1.08706761805733
        0.767278937684457         1.09712690784174
        0.771271870566296         1.10722318712829
        0.775264803448135         1.11734102000815
        0.779257736329973         1.12749828432191
        0.783250669211812         1.13769691600251
        0.787243602093651         1.14792184930057
         0.79123653497549         1.15818674713691
        0.795229467857329         1.16850174243611
        0.799222400739167         1.17882974668965
        0.803215333621006         1.18920959544818
        0.807208266502845         1.19962499440674
        0.811201199384684         1.21008513895468
        0.815194132266522         1.22058739285004
        0.819187065148361         1.23111955351183
          0.8231799980302         1.24170433966675
        0.827172930912039         1.25232666300611
        0.831165863793878         1.26299089479294
        0.835158796675716         1.27370167116628
        0.839151729557555         1.28445582195553
        0.843144662439394         1.29525748912674
        0.847137595321233         1.30609311634089
        0.851130528203072         1.31698019893485
         0.85512346108491         1.32791356996726
        0.859116393966749         1.33889834184315
        0.863109326848588         1.34993069811644
        0.867102259730427         1.36101384182724
        0.871095192612266         1.37213814440118
        0.875088125494104         1.38331705158695
        0.879081058375943         1.39454183184377
        0.883073991257782         1.40582090370047
        0.887066924139621         1.41719988202793
         0.89105985702146         1.42854075734328
        0.895052789903298         1.43997618894801
        0.899045722785137         1.45143998574935
        0.903038655666976         1.46300236381638
        0.907031588548815         1.47462034345303
        0.911024521430654         1.48627943731481
        0.915017454312492         1.49801520238421
        0.919010387194331         1.50978782027503
         0.92300332007617         1.52161920124037
        0.926996252958009         1.53349160989571
        0.930989185839847          1.5454452158048
        0.934982118721686         1.55746080503271
        0.938975051603525         1.56953561233245
        0.942967984485364          1.5816720900001
        0.946960917367203         1.59387181895827
        0.950953850249041         1.60613750898179
         0.95494678313088         1.61846809475785
        0.958939716012719         1.63086330210457
        0.962932648894558          1.6433280624338
        0.966925581776397         1.65586578261109
        0.970918514658235         1.66846609862067
        0.974911447540074         1.68113783661394
        0.978904380421913         1.69387640850667
        0.982897313303752         1.70669385305619
        0.986890246185591         1.71958042248912
        0.990883179067429         1.73259258540859
        0.994876111949268         1.74559564702741
        0.998869044831107         1.75870531232361
         1.00286197771295         1.77189979983295
         1.00685491059478         1.78517503214924
         1.01084784347662         1.79852424919462
         1.01484077635846         1.81197128837299
          1.0188337092403         1.82550431894694
         1.02282664212214         1.83912671045147
         1.02681957500398         1.85282606759557
         1.03081250788582         1.86661521156094
         1.03480544076766          1.8804519865586
         1.03879837364949         1.89442956531456
         1.04279130653133         1.90846623766852
         1.04678423941317         1.92257863741056
         1.05077717229501         1.93677920561802
         1.05477010517685         1.95106525010068
         1.05876303805869         1.96542616054151
         1.06275597094053          1.9798708158581
         1.06674890382237         1.99440009941147
         1.07074183670421         2.00901909420587
         1.07473476958604         2.02371434921809
         1.07872770246788          2.0384937996291
         1.08272063534972         2.05336581073377
         1.08671356823156         2.06832116449256
          1.0907065011134          2.0833593713941
         1.09469943399524         2.09848721206776
         1.09869236687708         2.11370025019662
         1.10268529975892         2.12900317691194
         1.10667823264075         2.14438842778167
         1.11067116552259         2.15986616416077
         1.11466409840443         2.17543726377817
         1.11865703128627         2.19109036595315
         1.12264996416811         2.20683391320516
         1.12664289704995         2.22267438510616
         1.13063582993179         2.23859905494235
         1.13462876281363         2.25462286803482
         1.13862169569546         2.27071121613399
          1.1426146285773         2.28691593887719
         1.14660756145914         2.30321152611438
         1.15060049434098         2.31959871897778
         1.15459342722282         2.33607509260174
         1.15858636010466         2.35264899442781
          1.1625792929865         2.36931690376588
         1.16657222586834         2.38607643556959
         1.17056515875018           2.402931745814
         1.17455809163201         2.41989153835562
         1.17855102451385         2.43694437613877
         1.18254395739569         2.45409046182242
         1.18653689027753         2.47133583392795
         1.19052982315937         2.48866541021829
         1.19452275604121          2.5061243778677
         1.19851568892305         2.52368037628211
         1.20250862180489         2.54131928144622
         1.20650155468672         2.55905651124095
