        0.743645577491373         3.16531794342833
        0.745969515674111         2.89853181619234
        0.748293453856849         2.79735093497875
        0.750617392039588         2.72330488417068
        0.752941330222326         2.66326040633234
        0.755265268405064         2.61214376512614
        0.757589206587802         2.56735853931046
        0.759913144770541         2.52736501234357
        0.762237082953279         2.49116174057257
        0.764561021136018         2.45805405096534
        0.766884959318756         2.42753677932909
        0.769208897501494         2.39922898040782
        0.771532835684232         2.37283507804875
        0.773856773866971         2.34811994037772
        0.776180712049709         2.32489331580479
        0.778504650232448         2.30299843290868
        0.780828588415186         2.28230434809924
        0.783152526597924         2.26270035455147
        0.785476464780662         2.24409185698265
        0.787800402963401         2.22639726822458
        0.790124341146139         2.20954563431571
        0.792448279328878         2.19347478976989
        0.794772217511616         2.17812990479879
        0.797096155694354         2.16346232763579
        0.799420093877093         2.14942865169595
        0.801744032059831         2.13598995663518
        0.804067970242569         2.12311118450578
        0.806391908425308         2.11076062400989
        0.808715846608046         2.09890947980617
        0.811039784790784         2.08753151063726
        0.813363722973523         2.07660272306731
        0.815687661156261         2.06610111145865
        0.818011599338999          2.0560064347539
        0.820335537521737         2.04630002537183
        0.822659475704476         2.03696462311976
        0.824983413887214         2.02798423156194
        0.827307352069953         2.01934404800819
        0.829631290252691         2.01103013275329
        0.831955228435429         2.00302964282361
        0.834279166618167         1.99533052739614
        0.836603104800906         1.98792150696259
        0.838927042983644         1.98079200644664
        0.841250981166383          1.9739320957594
        0.843574919349121         1.96733243602697
        0.845898857531859         1.96098423249347
        0.848222795714598         1.95487919111158
        0.850546733897336         1.94900948009926
        0.852870672080074         1.94336769519075
        0.855194610262813         1.93794682812453
        0.857518548445551         1.93274023791226
        0.859842486628289         1.92774162481822
        0.862166424811028         1.92294500678253
        0.864490362993766         1.91834469802859
        0.866814301176504          1.9139352888805
        0.869138239359243         1.90971162806692
        0.871462177541981         1.90566880637476
        0.873786115724719         1.90180214039851
        0.876110053907458          1.8981071601421
        0.878433992090196         1.89457959439815
        0.880757930272934         1.89121536030613
        0.883081868455672         1.88801055136596
        0.885405806638411         1.88496142741242
        0.887729744821149         1.88206440614418
        0.890053683003888         1.87931605255536
        0.892377621186626         1.87671307114203
        0.894701559369364          1.8742523041074
        0.897025497552103         1.87193071124914
        0.899349435734841         1.86974537662194
        0.901673373917579         1.86769349598081
        0.903997312100318         1.86577237179174
        0.906321250283056         1.86397940850012
        0.908645188465794         1.86231210767022
        0.910969126648533         1.86076806201952
        0.913293064831271         1.85934495243696
        0.915617003014009         1.85804054330408
        0.917940941196748         1.85685267823167
        0.920264879379486         1.85577927701426
        0.922588817562224         1.85481833163448
        0.924912755744963         1.85396790383477
        0.927236693927701         1.85322612069623
        0.929560632110439         1.85259117302313
        0.931884570293178         1.85206131230176
        0.934208508475916         1.85163484750969
        0.936532446658654         1.85131014334565
        0.938856384841393         1.85108561781407
        0.941180323024131         1.85095973987227
        0.943504261206869         1.85093102711856
        0.945828199389608         1.85099804454842
        0.948152137572346          1.8511594021399
        0.950476075755084         1.85141375293416
        0.952800013937823         1.85175979204876
        0.955123952120561         1.85219625436794
        0.957447890303299         1.85272191340385
        0.959771828486038         1.85333557985227
        0.962095766668776         1.85403609996675
        0.964419704851514         1.85482235448808
        0.966743643034253         1.85569325734216
        0.969067581216991         1.85664775435409
        0.971391519399729         1.85768482219178
        0.973715457582468         1.85880346721028
        0.976039395765206         1.86000272467217
        0.978363333947944         1.86128165713071
        0.980687272130683         1.86263935431681
        0.983011210313421         1.86407493168091
        0.985335148496159         1.86558752946879
        0.987659086678898         1.86717631223407
        0.989983024861636         1.86884046804388
        0.992306963044374         1.87057920723802
        0.994630901227113         1.87239176200837
        0.996954839409851         1.87427738627206
        0.999278777592589         1.87623535374642
         1.00160271577533         1.87826495828556
         1.00392665395807         1.88036551293602
          1.0062505921408         1.88253634933634
         1.00857453032354         1.88477681737203
         1.01089846850628         1.88708628419846
         1.01322240668902         1.88946413397958
         1.01554634487176         1.89190976743216
          1.0178702830545         1.89442260116707
         1.02019422123723         1.89700206749643
         1.02251815941997         1.89964761349815
         1.02484209760271          1.9023587010346
         1.02716603578545         1.90513480614074
         1.02948997396819         1.90797541862247
         1.03181391215093         1.91088004176106
         1.03413785033366          1.9138481917727
          1.0364617885164         1.91687939752065
         1.03878572669914         1.91997320024569
         1.04110966488188         1.92312915311365
         1.04343360306462         1.92634682090456
         1.04575754124736         1.92962577992776
         1.04808147943009         1.93296561717332
         1.05040541761283         1.93636593058988
         1.05272935579557         1.93982632852436
         1.05505329397831         1.94334642944428
         1.05737723216105         1.94692586173074
         1.05970117034379         1.95056426352997
         1.06202510852652         1.95426128213943
         1.06434904670926         1.95801657415761
           1.066672984892          1.9618298050963
         1.06899692307474         1.96570064909788
         1.07132086125748         1.96962878879044
         1.07364479944022         1.97361391516521
         1.07596873762295          1.9776557270684
         1.07829267580569         1.98175393130742
         1.08061661398843         1.98590824234813
         1.08294055217117         1.99011838207406
         1.08526449035391         1.99438407971939
         1.08758842853665         1.99870507163005
         1.08991236671938         2.00308110097292
         1.09223630490212         2.00751191778281
         1.09456024308486         2.01199727868068
          1.0968841812676         2.01653694672556
         1.09920811945034         2.02113069132385
         1.10153205763308         2.02577828762329
         1.10385599581581         2.03047951822585
         1.10617993399855         2.03523416939383
         1.10850387218129         2.04004203462471
         1.11082781036403         2.04490291264636
         1.11315174854677         2.04981660765855
         1.11547568672951         2.05478292918315
         1.11779962491224          2.0598016918297
         1.12012356309498         2.06487271557262
         1.12244750127772         2.06999582521417
         1.12477143946046         2.07517085042579
          1.1270953776432          2.0803976256673
         1.12941931582594         2.08567599009236
         1.13174325400867          2.0910057873271
         1.13406719219141         2.09638686549732
         1.13639113037415         2.10181907707941
         1.13871506855689         2.10730227879941
         1.14103900673963         2.11283633153204
         1.14336294492237         2.11842110024745
          1.1456868831051         2.12405645388275
         1.14801082128784         2.12974226524703
         1.15033475947058         2.13547841100226
         1.15265869765332         2.14126477149981
         1.15498263583606         2.14710123074067
          1.1573065740188         2.15298767628839
         1.15963051220153         2.15892399923768
         1.16195445038427         2.16491009405206
         1.16427838856701         2.17094585851316
         1.16660232674975         2.17703119370432
         1.16892626493249         2.18316600391566
         1.17125020311523           2.189350196549
         1.17357414129796         2.19558368207497
          1.1758980794807         2.20186637391234
         1.17822201766344         2.20819818845452
         1.18054595584618         2.21457904496568
         1.18286989402892          2.2210088654868
         1.18519383221166         2.22748757486037
         1.18751777039439         2.23401510055235
         1.18984170857713         2.24059137267754
         1.19216564675987         2.24721632391255
         1.19448958494261         2.25388988947407
         1.19681352312535         2.26061200704051
         1.19913746130809         2.26738261670376
         1.20146139949082          2.2742016608961
         1.20378533767356         2.28106908434741
          1.2061092758563         2.28798476727763
