            sqrt(s) [GeV]               sigma [mb]
        0.756104380138032         10137.3537460951
        0.758367682525172          17.419616180507
        0.760630984912311         12.3811067215251
        0.762894287299451         10.1611341745637
        0.765157589686591          8.8450150454324
        0.767420892073731         7.95185738334356
        0.769684194460871         7.29630729002206
        0.771947496848011         6.78977687650373
        0.774210799235151         6.38390193684992
        0.776474101622291         6.04975343433648
        0.778737404009431         5.76883069389603
        0.781000706396571         5.52868044360394
        0.783264008783711         5.32057327390259
        0.785527311170851         5.13818537976183
        0.787790613557991         4.97680895499279
         0.79005391594513          4.8328577922322
         0.79231721833227         4.70354591811074
         0.79458052071941         4.58667199746375
         0.79684382310655         4.48047069048871
         0.79910712549369         4.38350770649659
         0.80137042788083          4.2946041506298
         0.80363373026797         4.21278096708101
         0.80589703265511         4.13721745513794
         0.80816033504225         4.06721984746081
         0.81042363742939         4.00219717184234
         0.81268693981653         3.94164249585332
         0.81495024220367         3.88511818540673
        0.817213544590809         3.83224419772921
        0.819476846977949         3.78268870838111
        0.821740149365089         3.73616052720461
        0.824003451752229         3.69240292629756
        0.826266754139369         3.65118857339767
        0.828530056526509         3.61231534459094
        0.830793358913649         3.57560284729848
        0.833056661300789         3.54088950658491
        0.835319963687929         3.50803011974866
        0.837583266075069         3.47689378716963
        0.839846568462209         3.44736215532011
        0.842109870849349         3.41932791881441
        0.844373173236489         3.39269353549897
        0.846636475623628         3.36737012384203
        0.848899778010768         3.34327650791804
        0.851163080397908         3.32033839184449
        0.853426382785048         3.29848764057464
        0.855689685172188         3.27766165163253
        0.857952987559328         3.25780280679583
        0.860216289946468         3.23885798468281
        0.862479592333608         3.22077813657405
        0.864742894720748         3.20351790677156
        0.867006197107888          3.1870352933678
        0.869269499495028         3.17129134842914
        0.871532801882168         3.15624990744852
        0.873796104269307         3.14187734631049
        0.876059406656447         3.12814236158766
        0.878322709043587         3.11501577281126
        0.880586011430727         3.10247034137034
        0.882849313817867         3.09048060964922
        0.885112616205007         3.07902275209993
        0.887375918592147         3.06807444002493
        0.889639220979287         3.05761472175922
        0.891902523366427         3.04762390883145
        0.894165825753567         3.03808347867998
        0.896429128140707         3.02897598201303
        0.898692430527847         3.02028496044049
        0.900955732914987         3.01199487232316
        0.903219035302126          3.0040910243952
        0.905482337689266         2.99655951050545
        0.907745640076406         2.98938715572604
        0.910008942463546         2.98256146680595
        0.912272244850686         2.97607058519129
        0.914535547237826         2.96990324543882
        0.916798849624966         2.96404873716407
        0.919062152012106         2.95849686940537
        0.921325454399246         2.95323793957722
        0.923588756786386         2.94826270505638
        0.925852059173526         2.94356234958776
        0.928115361560666         2.93912846929811
        0.930378663947805          2.9349530405167
        0.932641966334945         2.93102840105666
        0.934905268722085         2.92734723162276
        0.937168571109225         2.92390253454288
        0.939431873496365         2.92068761894773
        0.941695175883505         2.91769608287412
        0.943958478270645         2.91492179902603
        0.946221780657785         2.91235889948525
        0.948485083044925         2.91000176345903
        0.950748385432065          2.9078450051609
        0.953011687819205         2.90588345843598
        0.955274990206345         2.90411217177192
        0.957538292593485         2.90252639260647
        0.959801594980624         2.90112155946174
        0.962064897367764         2.89989329340787
        0.964328199754904         2.89883738726467
        0.966591502142044          2.8979497995273
        0.968854804529184         2.89722664528279
        0.971118106916324         2.89666418905225
        0.973381409303464         2.89625883806231
        0.975644711690604         2.89600713551316
        0.977908014077744         2.89590575429781
        0.980171316464884         2.89595149103145
        0.982434618852024         2.89614126102882
        0.984697921239164         2.89647209228115
        0.986961223626303         2.89694112087892
        0.989224526013443         2.89754558603636
        0.991487828400583         2.89828282539655
        0.993751130787723         2.89915027209271
        0.996014433174863         2.90014544811201
        0.998277735562003         2.90126596344551
         1.00054103794914         2.90250951041871
         1.00280434033628         2.90387386059214
         1.00506764272342         2.90535686086464
         1.00733094511056          2.9069564340306
          1.0095942474977         2.90867056990471
         1.01185754988484         2.91049732669905
         1.01412085227198         2.91243482693363
         1.01638415465912         2.91448125505796
         1.01864745704626          2.9166348548538
          1.0209107594334         2.91889392740368
         1.02317406182054         2.92125682878053
         1.02543736420768         2.92372196749523
         1.02770066659482         2.92628780306185
         1.02996396898196         2.92895284352771
          1.0322272713691         2.93171564437006
         1.03449057375624          2.9345748059098
         1.03675387614338          2.9375289721513
         1.03901717853052         2.94057682900407
         1.04128048091766         2.94371710277053
          1.0435437833048         2.94694855880813
         1.04580708569194         2.95026999936358
         1.04807038807908         2.95368026403974
         1.05033369046622         2.95717822586932
         1.05259699285336         2.96076279298387
          1.0548602952405         2.96443290504815
         1.05712359762764         2.96818753321607
         1.05938690001478         2.97202567929921
         1.06165020240192         2.97594637383789
         1.06391350478906         2.97994867578416
          1.0661768071762         2.98403167156213
         1.06844010956334         2.98819447366798
         1.07070341195048         2.99243622012032
         1.07296671433762         2.99675607403538
         1.07523001672476         3.00115322141084
          1.0774933191119         3.00562687217262
         1.07975662149904         3.01017625788863
         1.08201992388618         3.01480063206031
         1.08428322627332         3.01949926894085
         1.08654652866046          3.0242714629976
          1.0888098310476         3.02911652762002
         1.09107313343474         3.03403379800514
         1.09333643582188         3.03902262323362
         1.09559973820902         3.04408237269442
         1.09786304059616         3.04921243308428
          1.1001263429833         3.05441220740797
         1.10238964537044         3.05968111484064
         1.10465294775758         3.06501859027471
         1.10691625014472         3.07042408366579
         1.10917955253186         3.07589705996164
           1.111442854919         3.08143699819318
         1.11370615730614         3.08704339142647
         1.11596945969328         3.09271574612317
         1.11823276208042         3.09845358176873
         1.12049606446756         3.10425643062549
          1.1227593668547           3.110123837155
         1.12502266924184         3.11605535780792
         1.12728597162898         3.12205056069355
         1.12954927401612         3.12810902509799
         1.13181257640326         3.13423034117228
          1.1340758787904         3.14041410976206
         1.13633918117754          3.1466599422428
         1.13860248356468         3.15296745952203
         1.14086578595182         3.15933629251861
         1.14312908833896         3.16576608220042
          1.1453923907261          3.1722564772718
         1.14765569311324         3.17880713625172
         1.14991899550038         3.18541772653323
         1.15218229788752         3.19208792342074
         1.15444560027466         3.19881741005993
          1.1567089026618         3.20560587864267
         1.15897220504894         3.21245302778541
         1.16123550743608         3.21935856470743
         1.16349880982322         3.22632220242861
         1.16576211221036         3.23334366235574
          1.1680254145975         3.24042267125402
         1.17028871698464         3.24755896315925
         1.17255201937178         3.25475227807796
         1.17481532175892         3.26200236182485
         1.17707862414606         3.26930896582441
          1.1793419265332         3.27667184666131
         1.18160522892034         3.28409076561487
         1.18386853130748         3.29156548796853
         1.18613183369462         3.29909578234613
         1.18839513608176         3.30668141940619
          1.1906584384689         3.31432217003189
         1.19292174085604         3.32201780221898
         1.19518504324318         3.32976807567352
         1.19744834563032         3.33757273035112
         1.19971164801746         3.34543146036901
          1.2019749504046         3.35334383858357
         1.20423825279174         3.36130899434334
         1.20650155517888         3.36930930982381
