       0.0203158350223196     0.000315443407853923
       0.0262678725302842     0.000403202405493395
       0.0322199100382489     0.000609180608922774
       0.0381719475462135     0.000896607523316869
       0.0441239850541782       0.0012528293765938
       0.0500760225621428      0.00167258917066178
       0.0560280600701075      0.00215357704306944
       0.0619800975780721      0.00269483057149618
       0.0679321350860368      0.00329607294534508
       0.0738841725940014      0.00395740947898249
       0.0798362101019661      0.00467917698584424
       0.0857882476099307       0.0054618642371577
       0.0917402851178953      0.00630606787671843
         0.09769232262586      0.00721246709682126
        0.103644360133825       0.0081818087406794
        0.109596397641789      0.00921489847775655
        0.115548435149754       0.0103125952789267
        0.121500472657719       0.0114758104642308
        0.127452510165683       0.0127055026286833
        0.133404547673648       0.0140026811237517
        0.139356585181613       0.0153684046362123
        0.145308622689577       0.0168037825733844
        0.151260660197542       0.0183099765032531
        0.157212697705506       0.0198882019488438
        0.163164735213471       0.0215397304883528
        0.169116772721436       0.0232658921294984
          0.1750688102294       0.0250680779414574
        0.181020847737365       0.0269477429272905
         0.18697288524533       0.0289064090426231
        0.192924922753294       0.0309456688015992
        0.198876960261259       0.0330671886000967
        0.204828997769224       0.0352727125591614
        0.210781035277188       0.0375640666057263
        0.216733072785153       0.0399431626983181
        0.222685110293118       0.0424120039348719
        0.228637147801082       0.0449726879477612
        0.234589185309047       0.0476274131028038
        0.240541222817012       0.0503784831751186
        0.246493260324976       0.0532283128910127
        0.252445297832941       0.0561794329209844
        0.258397335340906       0.0592344967560777
         0.26434937284887       0.0623962847850035
        0.270301410356835       0.0656677114220895
        0.276253447864799       0.0690518308320995
        0.282205485372764       0.0725518422870877
        0.288157522880729       0.0761710960105363
        0.294109560388693       0.0799130980234697
        0.300061597896658       0.0837815160506023
        0.306013635404623       0.0877801830862751
        0.311965672912587       0.0919131016597755
        0.317917710420552       0.0961844457710039
        0.323869747928517        0.100598563291177
        0.329821785436481        0.105159975240468
        0.335773822944446        0.109873374429606
        0.341725860452411         0.11474362133234
        0.347677897960375        0.119775737050914
         0.35362993546834        0.124974893627058
        0.359581972976305        0.130346400996499
        0.365534010484269        0.135895688006207
        0.371486047992234        0.141628280380508
        0.377438085500198        0.147549770807034
        0.383390123008163        0.153665785615939
        0.389342160516128        0.159981939532591
        0.395294198024092        0.166503786021088
        0.401246235532057         0.17323675646304
        0.407198273040022        0.180186088702793
        0.413150310547986        0.187356746864911
        0.419102348055951        0.194753326891783
        0.425054385563916        0.202379948643514
         0.43100642307188        0.210240139799268
        0.436958460579845        0.218336700975682
         0.44291049808781        0.226671561258358
        0.448862535595774        0.235245620252429
        0.454814573103739        0.244058577924039
        0.460766610611704        0.253108756833173
        0.466718648119668        0.262392915408731
        0.472670685627633        0.271906059361106
        0.478622723135598        0.281641250463268
        0.484574760643562        0.291589414169495
        0.490526798151527         0.30173910198025
        0.496478835659491        0.312076192299801
        0.502430873167456        0.322586185956256
        0.508382910675421        0.333249130412213
        0.514334948183385         0.34404351533661
         0.52028698569135         0.35494524477977
        0.526239023199315        0.365927731025745
        0.532191060707279        0.376962070294285
        0.538143098215244        0.388017300330451
        0.544095135723209        0.399060741701421
        0.550047173231173        0.410058423736364
        0.555999210739138        0.420975589438446
        0.561951248247103        0.431777272741135
        0.567903285755067        0.442428935064112
        0.573855323263032        0.452897143493509
        0.579807360770996        0.463150273091612
        0.585759398278961        0.473159206656666
        0.591711435786926        0.482898009457604
         0.59766347329489        0.492344551984904
        0.603615510802855        0.501481056824645
         0.60956754831082        0.510294546764954
        0.615519585818784        0.518777176576873
        0.621471623326749        0.526926434198532
        0.627423660834714        0.534745203921386
        0.633375698342678         0.54224169089474
        0.639327735850643        0.549429209957952
        0.645279773358608        0.556325851769662
        0.651231810866572        0.562954038692535
        0.657183848374537        0.569339994047815
        0.663135885882502        0.575513140959271
        0.669087923390466        0.581505460363615
        0.675039960898431        0.587350827104316
        0.680991998406396        0.593084347696237
         0.68694403591436        0.598741721640999
        0.692896073422325         0.60435863965194
        0.698848110930289        0.609970236537248
        0.704800148438254        0.615610606777265
        0.710752185946219        0.621312390333057
        0.716704223454183        0.627106432490404
        0.722656260962148         0.63302151672932
        0.728608298470113        0.639084169911793
        0.734560335978077        0.645318535940742
        0.740512373486042        0.651746309262996
        0.746464410994007        0.658386724546391
        0.752416448501971        0.665256593042442
        0.758368486009936         0.67237037807578
        0.764320523517901        0.679740303384199
        0.770272561025865        0.687376484205373
         0.77622459853383        0.695287077205657
        0.782176636041795        0.703478441503366
        0.788128673549759        0.711955305909872
        0.794080711057724        0.720720937893929
        0.800032748565689        0.729777310148893
        0.805984786073653         0.73912526276113
        0.811936823581618        0.748764657074015
        0.817888861089582        0.758694521156489
        0.823840898597547        0.768913184466019
        0.829792936105512        0.779418401838386
        0.835744973613476        0.790207466347296
        0.841697011121441        0.801277310195894
        0.847649048629406        0.812624595564017
         0.85360108613737        0.824245793653919
        0.859553123645335        0.836137255501412
          0.8655051611533        0.848295271341419
        0.871457198661264        0.860716122979767
        0.877409236169229        0.873396127542068
        0.883361273677194        0.886331674425017
        0.889313311185158        0.899519255696238
        0.895265348693123          0.9129554910353
        0.901217386201087        0.926637147443559
        0.907169423709052        0.940561154855974
        0.913121461217017        0.954724617798624
        0.919073498724981        0.969124823924834
        0.925025536232946        0.983759249676397
        0.930977573740911        0.998625563527832
        0.936929611248875         1.01372162759572
         0.94288164875684         1.02904549718662
        0.948833686264805         1.04459541923865
        0.954785723772769         1.06036982976285
        0.960737761280734         1.07636735014249
        0.966689798788699         1.09258678313788
        0.972641836296663         1.10902710800362
        0.978593873804628         1.12568747563325
        0.984545911312593          1.1425672029098
        0.990497948820557         1.15966576782916
        0.996449986328522         1.17698280347812
         1.00240202383649         1.19451809268016
         1.00835406134445          1.2122715627333
         1.01430609885242          1.2302432797508
         1.02025813636038         1.24843344350326
         1.02621017386835         1.26684238257552
         1.03216221137631         1.28547054917033
         1.03811424888427         1.30431851454519
         1.04406628639224         1.32338696442066
          1.0500183239002         1.34267669461105
         1.05597036140817         1.36218860689839
         1.06192239891613         1.38192370503577
          1.0678744364241         1.40188309085909
         1.07382647393206         1.42206796063109
         1.07977851144003         1.44247960161322
         1.08573054894799         1.46311938827319
         1.09168258645596         1.48398877914711
         1.09763462396392         1.50508931336528
         1.10358666147189         1.52642260697521
         1.10953869897985         1.54799034951261
         1.11549073648781         1.56979429990294
         1.12144277399578         1.59183628201743
         1.12739481150374         1.61411817949482
         1.13334684901171         1.63664192924371
         1.13929888651967         1.65940951317363
         1.14525092402764         1.68242294672625
          1.1512029615356         1.70568426256253
         1.15715499904357         1.72919548575249
         1.16310703655153         1.75295859389517
          1.1690590740595         1.77697544861789
         1.17501111156746          1.8012476682564
         1.18096314907543         1.82577636564156
         1.18691518658339          1.8505615268818
         1.19286722409136         1.87560018649929
         1.19881926159932         1.90087847970523
         1.20477129910728         1.92593705603398
