            sqrt(s) [GeV]               sigma [mb]
        0.151667982521412         76.7577518364066
        0.157006889687282         110.519498199533
        0.162345796853153          167.45059232496
        0.167684704019023         259.450605037258
        0.173023611184894         383.402847411605
        0.178362518350764         465.991620061873
        0.183701425516635         418.910699081819
        0.189040332682505         306.757783035097
        0.194379239848376         212.745457062921
        0.199718147014246         150.324696710687
        0.205057054180117         110.312704115944
        0.210395961345987         84.0737942253178
        0.215734868511858         66.2265950806157
        0.221073775677728         53.6335880922576
        0.226412682843599         44.4494166409759
        0.231751590009469         37.5560904595037
         0.23709049717534         32.2527232906377
         0.24242940434121         28.0850231936414
        0.247768311507081         24.7493475769007
        0.253107218672951         22.0370481774001
        0.258446125838822           19.80115958868
        0.263785033004692         17.9358551006571
        0.269123940170563         16.3634102541364
        0.274462847336433         15.0257320547242
        0.279801754502304         13.8787068811451
        0.285140661668174         12.8883556747825
        0.290479568834045         12.0281722083924
        0.295818475999915         11.2772370425222
        0.301157383165786         10.6188663233627
        0.306496290331656         10.0396264519743
        0.311835197497527         9.52860578281486
        0.317174104663397         9.07686961744116
        0.322513011829268         8.67704478091474
        0.327851918995138         8.32300477156522
        0.333190826161009         8.00962147727087
        0.338529733326879         7.73257189194203
         0.34386864049275         7.48818411804025
         0.34920754765862         7.27331347092282
        0.354546454824491         7.08524158003599
        0.359885361990361         6.92159321618596
        0.365224269156232          6.7802669216791
        0.370563176322102         6.65937654694907
        0.375902083487973         6.55720157299844
        0.381240990653843         6.47214472962455
        0.386579897819714         6.40269589402955
        0.391918804985584         6.34740166543162
        0.397257712151455         6.30484031065108
        0.402596619317325         6.27360201965787
        0.407935526483196         6.25227456325645
        0.413274433649066         6.23943478131532
        0.418613340814937         6.23364447357249
        0.423952247980807         6.23345468840398
        0.429291155146678         6.23741300654991
        0.434630062312548         6.24407734203928
        0.439968969478419         6.25203395826408
         0.44530787664429         6.25991892679457
         0.45064678381016          6.2664416557612
         0.45598569097603         6.27040895338608
        0.461324598141901         6.27074795395942
        0.466663505307771         6.26652628987893
        0.472002412473642         6.25696809361113
        0.477341319639513         6.24146473440073
        0.482680226805383         6.21957962759696
        0.488019133971254         6.19104693123424
        0.493358041137124         6.15576441306429
        0.498696948302994         6.11378118106479
        0.504035855468865         6.06528128024226
        0.509374762634736         6.01056434439117
        0.514713669800606         5.95002455124323
        0.520052576966477          5.8841290756317
        0.525391484132347         5.81339709125026
        0.530730391298218         5.73838017127758
        0.536069298464088         5.65964470692884
        0.541408205629959         5.57775673576382
        0.546747112795829         5.49326936078301
          0.5520860199617         5.40671276791491
         0.55742492712757         5.31858671277582
        0.562763834293441         5.22935525489186
        0.568102741459311         5.13944345896239
        0.573441648625182         5.04923575789259
        0.578780555791052         4.95907567009881
        0.584119462956923         4.86926658024955
        0.589458370122793         4.78007331937135
        0.594797277288664         4.69172431442894
        0.600136184454534         4.60441411285091
        0.605475091620405         4.51830612299912
        0.610813998786275         4.43353544429425
        0.616152905952146         4.35021168992913
        0.621491813118016         4.26842173040062
        0.626830720283887         4.18823230703446
        0.632169627449757         4.10969248198996
        0.637508534615628         4.03283590481795
        0.642847441781498         3.95768288615574
        0.648186348947369         3.88424227702501
        0.653525256113239         3.81251315818471
         0.65886416327911         3.74248634756436
         0.66420307044498         3.67414573688859
        0.669541977610851         3.60746946975658
        0.674880884776721         3.54243097446127
        0.680219791942592         3.47899986487057
        0.685558699108462         3.41714272228742
        0.690897606274333         3.35682377097406
        0.696236513440203         3.29800545888156
        0.701575420606074         3.24064895459735
        0.706914327771944         3.18471457040516
        0.712253234937815         3.13016212052749
        0.717592142103685         3.07695128956641
        0.722931049269556         3.02504161741812
        0.728269956435426         2.97439310944597
        0.733608863601297         2.92496614174986
        0.738947770767167         2.87672166814633
        0.744286677933038         2.82962133300005
        0.749625585098908         2.78362756041556
        0.754964492264779          2.7387036232865
        0.760303399430649         2.69481369508468
         0.76564230659652         2.65192288715057
         0.77098121376239         2.60999727361982
        0.776320120928261         2.56900390595415
        0.781659028094131         2.52891081878132
        0.786997935260002         2.48968702844997
        0.792336842425873         2.45130252566473
        0.797675749591743          2.4137282630559
        0.803014656757614         2.37693613884648
        0.808353563923484         2.34089897718743
        0.813692471089354          2.3055905059632
        0.819031378255225         2.27098533258394
        0.824370285421096         2.23705891817929
        0.829709192586966          2.2037875507146
        0.835048099752837         2.17114831727404
        0.840387006918707          2.1391190758267
        0.845725914084578         2.10767842667351
        0.851064821250448         2.07680568384745
        0.856403728416319         2.04648084644621
        0.861742635582189         2.01668457029569
         0.86708154274806         1.98739813970321
         0.87242044991393         1.95860343969514
        0.877759357079801         1.93028292851286
        0.883098264245671         1.90241961063479
        0.888437171411542         1.87499701016594
        0.893776078577412         1.84799914472664
        0.899114985743283         1.82141049969686
        0.904453892909153         1.79521600303096
        0.909792800075024          1.7694010002814
        0.915131707240894         1.74395123014039
        0.920470614406765         1.71885280021282
        0.925809521572635         1.69409216313756
        0.931148428738506         1.66965609276095
        0.936487335904376         1.64553166062665
        0.941826243070247          1.6217062124407
        0.947165150236117         1.59816734451403
        0.952504057401988          1.5749028800993
        0.957842964567858         1.55190084547773
        0.963181871733729         1.52914944579314
        0.968520778899599         1.50663704027024
         0.97385968606547         1.48435211692267
         0.97919859323134         1.46228331290321
        0.984537500397211         1.44041920166302
        0.989876407563081         1.41874854286482
        0.995215314728952         1.39726006738751
         1.00055422189482         1.37594249200015
         1.00589312906069         1.35478448592823
         1.01123203622656         1.33377463474535
         1.01657094339243         1.31290140150473
          1.0219098505583         1.29215308446614
         1.02724875772417         1.27151777070533
         1.03258766489005         1.25098328511469
         1.03792657205592         1.23053713366515
         1.04326547922179         1.21016644010736
         1.04860438638766          1.1898578746566
         1.05394329355353         1.16959757349301
          1.0592822007194           1.149371046583
         1.06462110788527         1.12916307232368
         1.06996001505114         1.10895757567681
         1.07529892221701          1.0887374863171
         1.08063782938288         1.06848457258423
         1.08597673654875         1.04817924541733
         1.09131564371462         1.02780032523486
         1.09665455088049         1.00732476237607
         1.10199345804636        0.986727299127127
         1.10733236521223        0.965980057074079
          1.1126712723781        0.945052028818803
         1.11801017954397        0.923908444634977
         1.12334908670984        0.902509974458534
         1.12868799387571        0.880811709372483
         1.13402690104158        0.858761843264514
         1.13936580820746        0.836299939106259
         1.14470471537333        0.813354608750837
          1.1500436225392        0.789840344339017
         1.15538252970507        0.765653090843811
         1.16072143687094        0.740663892268979
         1.16606034403681         0.71470948324917
         1.17139925120268        0.687577828074878
         1.17673815836855        0.658984862492316
         1.18207706553442        0.628534919366735
         1.18741597270029        0.595648359397453
         1.19275487986616         0.55941590732093
         1.19809378703203         0.51826306738936
          1.2034326941979        0.468998241848349
         1.20877160136377        0.402857734225286
         1.21411050852964        0.141284959780599
