            sqrt(s) [GeV]               sigma [mb]
       0.0603194438582137       0.0156265832745066
       0.0660771817074511        0.014107679064564
       0.0718349195566885       0.0154959806457122
       0.0775926574059259       0.0181191745369107
       0.0833503952551633        0.021569789448726
       0.0891081331044007       0.0256164551801711
       0.0948658709536381       0.0301112773473769
        0.100623608802876        0.034953942030335
        0.106381346652113       0.0400737140531509
         0.11213908450135       0.0454192194542192
        0.117896822350588       0.0509522494425044
        0.123654560199825       0.0566438176459509
        0.129412298049063       0.0624715601613373
          0.1351700358983       0.0684179707752271
        0.140927773747537       0.0744691738167175
        0.146685511596775       0.0806140526336672
        0.152443249446012       0.0868436191307713
         0.15820098729525       0.0931505499101978
        0.163958725144487       0.0995288398744937
        0.169716462993724        0.105973539837924
        0.175474200842962        0.112480555289555
        0.181231938692199         0.11904649016458
        0.186989676541437        0.125668524246028
        0.192747414390674        0.132344315950961
        0.198505152239911         0.13907192452279
        0.204262890089149        0.145849747192731
        0.210020627938386        0.152676468002737
        0.215778365787624        0.159551015811886
        0.221536103636861        0.166472529596999
        0.227293841486098        0.173440329572005
        0.233051579335336        0.180453893017216
        0.238809317184573        0.187512833920894
        0.244567055033811        0.194616885758811
        0.250324792883048        0.201765886841628
        0.256082530732285        0.208959767794416
        0.261840268581523        0.216198540822647
         0.26759800643076        0.223482290466891
        0.273355744279998         0.23081116561535
        0.279113482129235        0.238185372582234
        0.284871219978473        0.245605169093721
         0.29062895782771        0.253070859047493
        0.296386695676947        0.260582787939044
        0.302144433526185        0.268141338859345
        0.307902171375422        0.275746928989591
         0.31365990922466        0.283400006521813
        0.319417647073897        0.291101047964954
        0.325175384923134        0.298850555761444
        0.330933122772372        0.306649056199831
        0.336690860621609         0.31449709758246
        0.342448598470847         0.32239524857763
        0.348206336320084        0.330344096842545
        0.353964074169321        0.338344247713142
        0.359721812018559        0.346396323159425
        0.365479549867796        0.354500960757445
        0.371237287717034        0.362658812899162
        0.376995025566271        0.370870545996502
        0.382752763415508        0.379136839860629
        0.388510501264746        0.387458387120434
        0.394268239113983        0.395835892759487
        0.400025976963221        0.404270073645541
        0.405783714812458         0.41276165819299
        0.411541452661695        0.421311386034245
        0.417299190510933        0.429920007780396
         0.42305692836017        0.438588284752902
        0.428814666209408        0.447316988822728
        0.434572404058645         0.45610690224875
        0.440330141907882        0.464958817541773
         0.44608787975712        0.473873537409464
        0.451845617606357        0.482851874605585
        0.457603355455595        0.491894651950098
        0.463361093304832        0.501002702232337
        0.469118831154069        0.510176868241497
        0.474876569003307        0.519418002719697
        0.480634306852544        0.528726968398962
        0.486392044701782        0.538104637991442
        0.492149782551019        0.547551894253326
        0.497907520400257         0.55706962996728
        0.503665258249494         0.56665874803603
        0.509422996098731        0.576320161505391
        0.515180733947969        0.586054793613884
        0.520938471797206        0.595863577887587
        0.526696209646444        0.605747458120968
        0.532453947495681        0.615707388556536
        0.538211685344918        0.625744333834349
        0.543969423194156        0.635859269141838
        0.549727161043393        0.646053180212072
        0.555484898892631        0.656327063496361
        0.561242636741868        0.666681926087129
        0.567000374591105        0.677118785952189
        0.572758112440343        0.687638671827835
         0.57851585028958        0.698242623408141
        0.584273588138818        0.708931691385558
        0.590031325988055        0.719706937461251
        0.595789063837292        0.730569434449545
         0.60154680168653        0.741520266334902
        0.607304539535767        0.752560528300631
        0.613062277385005        0.763691326751129
        0.618820015234242        0.774913779525137
         0.62457775308348        0.786229015652173
        0.630335490932717        0.797638175645355
        0.636093228781954        0.809142411434274
        0.641850966631192        0.820742886440346
        0.647608704480429        0.832440775493949
        0.653366442329667        0.844237264972095
        0.659124180178904        0.856133552809334
        0.664881918028141        0.868130848469137
        0.670639655877379        0.880230372949722
        0.676397393726616        0.892433358863418
        0.682155131575854        0.904741050292708
        0.687912869425091        0.917154702991703
        0.693670607274328        0.929675584207209
        0.699428345123566        0.942304972661315
        0.705186082972803        0.955044158723547
        0.710943820822041        0.967894444089579
        0.716701558671278         0.98085714206106
        0.722459296520515        0.993933577209652
        0.728217034369753         1.00712508566742
         0.73397477221899         1.02043301474559
        0.739732510068228          1.0338587230947
        0.745490247917465         1.04740358057401
        0.751247985766702         1.06106896816128
         0.75700572361594         1.07485627794095
        0.762763461465177          1.0887669130148
        0.768521199314415         1.10280228738291
        0.774278937163652         1.11696382586803
         0.78003667501289         1.13125296399973
        0.785794412862127         1.14567114797722
        0.791552150711364         1.16021983448904
        0.797309888560602         1.17490049058843
        0.803067626409839         1.18971459368113
        0.808825364259076         1.20466363124717
        0.814583102108314         1.21974910076333
        0.820340839957551         1.23497250962078
        0.826098577806789         1.25033537487809
        0.831856315656026         1.26583922318169
        0.837614053505264          1.2814855905142
        0.843371791354501         1.29727602205731
        0.849129529203738         1.31321207208664
        0.854887267052976         1.32929530362174
        0.860645004902213         1.34552728840836
        0.866402742751451          1.3619096065583
        0.872160480600688         1.37844384643264
        0.877918218449925         1.39513160439142
        0.883675956299163         1.41197448454921
          0.8894336941484         1.42897409854786
        0.895191431997638         1.44613206535952
        0.900949169846875         1.46345001091287
        0.906706907696112         1.48092956793847
         0.91246464554535         1.49857237569066
        0.918222383394587         1.51638007959015
        0.923980121243825         1.53435433096179
        0.929737859093062         1.55249678681505
        0.935495596942299         1.57080910941526
        0.941253334791537         1.58929296603492
        0.947011072640774         1.60795002859802
        0.952768810490012         1.62678197340356
        0.958526548339249         1.64579048065132
        0.964284286188486         1.66497723421088
        0.970042024037724         1.68434392122789
        0.975799761886961         1.70389223161291
        0.981557499736199         1.72362385787959
        0.987315237585436         1.74354049456284
        0.993072975434674         1.76364383786998
        0.998830713283911         1.78393558529091
         1.00458845113315         1.80441743510755
         1.01034618898239         1.82509108598636
         1.01610392683162         1.84595823652167
         1.02186166468086         1.86702058475533
          1.0276194025301         1.88827982770647
         1.03337714037934         1.90973766091437
         1.03913487822857         1.93139577784874
         1.04489261607781         1.95325586951948
         1.05065035392705         1.97531962383688
         1.05640809177628         1.99758872515198
         1.06216582962552         2.02006485369755
         1.06792356747476         2.04274968495614
           1.073681305324         2.06564488919152
         1.07943904317323         2.08875213078263
         1.08519678102247         2.11207306764647
         1.09095451887171         2.13560935068369
         1.09671225672095         2.15936262303987
         1.10246999457018         2.18333451955904
         1.10822773241942         2.20752666608174
         1.11398547026866         2.23194067882895
          1.1197432081179         2.25657816367038
         1.12550094596713          2.2814407154753
         1.13125868381637         2.30652991737672
         1.13701642166561         2.33184734009258
         1.14277415951485         2.35739454115338
         1.14853189736408          2.3831730641641
         1.15428963521332         2.40918443810766
         1.16004737306256         2.43543017645638
          1.1658051109118         2.46191177651225
         1.17156284876103         2.48863071850292
         1.17732058661027         2.51558846485647
         1.18307832445951         2.54278645931719
         1.18883606230875         2.57022612612288
         1.19459380015798         2.59790886915947
         1.20035153800722         2.62583607109506
         1.20610927585646         2.65400909249616
