            sqrt(s) [GeV]               sigma [mb]
         0.29764156047552      0.00549154180615044
        0.302200487238816      0.00788475664391041
        0.306759414002113       0.0110417589329297
        0.311318340765409       0.0149854774823622
        0.315877267528705         0.01974116232074
        0.320436194292002       0.0253361666838461
        0.324995121055298       0.0318000107990934
        0.329554047818595       0.0391644583019248
        0.334112974581891       0.0474635992920332
        0.338671901345187       0.0567339390082148
        0.343230828108484       0.0670144917759075
         0.34778975487178       0.0783468799883788
        0.352348681635076       0.0907754378641435
        0.356907608398373        0.104347319662499
        0.361466535161669        0.119112611953974
        0.366025461924965        0.135124449437078
        0.370584388688262        0.152439133667163
        0.375143315451558         0.17111625391457
        0.379702242214854        0.191218809195432
        0.384261168978151        0.212813330315799
        0.388820095741447        0.235970000534948
        0.393379022504743        0.260762773182327
         0.39793794926804        0.287269484250737
        0.402496876031336        0.315571957630976
        0.407055802794632        0.345756100246613
        0.411614729557929        0.377911983882207
        0.416173656321225        0.412133909984735
        0.420732583084521        0.448520453118144
        0.425291509847818        0.487174478108552
        0.429850436611114        0.528203125182906
         0.43440936337441        0.571717756604371
        0.438968290137707         0.61783385743102
        0.443527216901003        0.666670882074538
        0.448086143664299        0.718352037318253
        0.452645070427596        0.773003991377947
        0.457203997190892        0.830756497469137
        0.461762923954188        0.891741919202742
        0.466321850717485        0.956094643997548
        0.470880777480781          1.0239503696121
        0.475439704244077         1.09544524791408
        0.479998631007374          1.1707148691878
         0.48455755777067         1.24989306971394
        0.489116484533966         1.33311054514036
        0.493675411297263         1.42049325242075
        0.498234338060559         1.51216058397051
        0.502793264823855          1.6082232993355
        0.507352191587152         1.70878120227611
        0.511911118350448         1.81392055492075
        0.516470045113745         1.92371122574978
        0.521028971877041         2.03820357482931
        0.525587898640337         2.15742508810472
        0.530146825403634         2.28137678282188
         0.53470575216693         2.41002941837812
        0.539264678930226         2.54331956106782
        0.543823605693523         2.68114556717791
        0.548382532456819         2.82336356639887
        0.552941459220115         2.96978354603884
        0.557500385983412         3.12016565538084
        0.562059312746708         3.27421686768496
        0.566618239510004         3.43158815362634
        0.571177166273301          3.5918723328882
        0.575736093036597         3.75460277856797
        0.580295019799893         3.91925315024834
         0.58485394656319         4.08523832435241
        0.589412873326486          4.2519166731886
        0.593971800089782          4.4185938158475
        0.598530726853079         4.58452792427101
        0.603089653616375         4.74893661673521
        0.607648580379671         4.91100540992907
        0.612207507142968         5.06989763213872
        0.616766433906264         5.22476562717605
         0.62132536066956         5.37476300595958
        0.625884287432857         5.51905763505312
        0.630443214196153         5.65684499423735
        0.635002140959449         5.78736149332168
        0.639561067722746         5.90989731613624
        0.644119994486042         6.02380835990433
        0.648678921249338         6.12852686225946
        0.653237848012635         6.22357035536923
        0.657796774775931         6.30854865435362
        0.662355701539227         6.38316867108194
        0.666914628302524         6.44723693879603
         0.67147355506582          6.5006598313645
        0.676032481829116         6.54344155669396
        0.680591408592413         6.57568009080003
        0.685150335355709         6.59756129218024
        0.689709262119006         6.60935149180797
        0.694268188882302         6.61138889028461
        0.698827115645598         6.60407411011835
        0.703386042408894         6.58786024891136
        0.707944969172191         6.56324276080253
        0.712503895935487         6.53074946203436
        0.717062822698784         6.49093091562922
         0.72162174946208         6.44435140357692
        0.726180676225376         6.39158064611835
        0.730739602988673         6.33318637965224
        0.735298529751969         6.26972785988525
        0.739857456515265         6.20175031681724
        0.744416383278562         6.12978035408618
        0.748975310041858         6.05432225759081
        0.753534236805154         5.97585515718192
        0.758093163568451         5.89483097021001
        0.762652090331747         5.81167304622554
        0.767211017095043         5.72677542738007
         0.77176994385834         5.64050263823492
        0.776328870621636          5.5531899209141
        0.780887797384932          5.4651438360544
        0.785446724148229         5.37664315610363
        0.790005650911525         5.28793998459867
        0.794564577674821         5.19926104261978
        0.799123504438118         5.11080907127691
        0.803682431201414         5.02276430654146
         0.80824135796471         4.93528598978249
        0.812800284728007         4.84851388386027
        0.817359211491303         4.76256977049124
        0.821918138254599          4.6775589097929
        0.826477065017896         4.59357144744163
        0.831035991781192         4.51068375875848
        0.835594918544488         4.42895972231596
        0.840153845307785         4.34845191838528
        0.844712772071081         4.26920274977605
        0.849271698834377          4.1912454844151
        0.853830625597674         4.11460522042817
         0.85838955236097         4.03929977557929
        0.862948479124266         3.96534050373978
        0.867507405887563          3.8927330416461
        0.872066332650859         3.82147798960495
        0.876625259414155         3.75157153004836
        0.881184186177452         3.68300598796441
        0.885743112940748          3.6157703372537
        0.890302039704044         3.54985065701216
        0.894860966467341         3.48523054163437
        0.899419893230637          3.4218914684839
        0.903978819993933          3.3598131267003
         0.90853774675723         3.29897371051673
        0.913096673520526         3.23935018025574
        0.917655600283822         3.18091849395896
        0.922214527047119         3.12365381239545
        0.926773453810415          3.0675306799859
        0.931332380573711         3.01252318397878
        0.935891307337008         2.95860509402198
        0.940450234100304         2.90574998409079
        0.945009160863601         2.85393133856017
        0.949568087626897         2.80312264404856
        0.954127014390193         2.75329746850907
         0.95868594115349         2.70442952890512
        0.963244867916786         2.65649274867809
        0.967803794680082          2.6094613060957
        0.972362721443379         2.56330967446102
        0.976921648206675         2.51801265506123
        0.981480574969971         2.47354540364442
        0.986039501733268         2.42988345112818
        0.990598428496564          2.3870027191679
         0.99515735525986         2.34487953114255
        0.999716282023157          2.3034906190521
         1.00427520878645          2.2628131267624
         1.00883413554975         2.22282460998035
         1.01339306231305         2.18350303329306
         1.01795198907634         2.14482676455977
         1.02251091583964         2.10677456690414
         1.02706984260293         2.06932558851537
         1.03162876936623         2.03245935043111
         1.03618769612953         1.99615573244045
         1.04074662289282         1.96039495721317
         1.04530554965612          1.9251575727298
         1.04986447641942         1.89042443305595
         1.05442340318271         1.85617667747401
         1.05898232994601         1.82239570795355
         1.06354125670931         1.78906316490959
          1.0681001834726         1.75616090116396
          1.0726591102359         1.72367095398756
         1.07721803699919         1.69157551506207
         1.08177696376249         1.65985689815372
         1.08633589052579         1.62849750424219
         1.09089481728908         1.59747978378859
         1.09545374405238         1.56678619575961
         1.10001267081568         1.53639916294515
         1.10457159757897         1.50630102301273
         1.10913052434227         1.47647397462901
         1.11368945110557          1.4469000178427
         1.11824837786886         1.41756088775681
         1.12280730463216         1.38843798031477
         1.12736623139545         1.35951226877328
         1.13192515815875         1.33076420912076
         1.13648408492205         1.30217363230745
         1.14104301168534         1.27371962065485
         1.14560193844864         1.24538036517859
         1.15016086521194         1.21713299974251
         1.15471979197523         1.18895340690442
         1.15927871873853          1.1608159889286
         1.16383764550182         1.13269339560776
         1.16839657226512         1.10455619808773
         1.17295549902842         1.07637249457395
         1.17751442579171         1.04810742925894
         1.18207335255501         1.01972259950453
         1.18663227931831        0.991175317423017
          1.1911912060816        0.962417679261757
          1.1957501328449        0.933395377404466
          1.2003090596082        0.904046162125079
         1.20486798637149        0.874297818095617
