            sqrt(s) [GeV]               sigma [mb]
        0.706392814990222         4.35062651228741
         0.70890075269289         3.96327542957768
        0.711408690395558         3.81362651073542
        0.713916628098225         3.70311380353547
        0.716424565800893         3.61286540448269
         0.71893250350356         3.53558042547273
        0.721440441206228         3.46751762719804
        0.723948378908895         3.40645533011927
        0.726456316611563         3.35094647617296
         0.72896425431423         3.29998581139628
        0.731472192016898         3.25284121337265
        0.733980129719565         3.20895986037749
        0.736488067422233         3.16791162390108
          0.7389960051249         3.12935450528267
        0.741503942827568         3.09301084927195
        0.744011880530236         3.05865158445857
        0.746519818232903         3.02608504479813
        0.749027755935571         2.99514889855645
        0.751535693638238         2.96570418964145
        0.754043631340906         2.93763085254936
        0.756551569043573         2.91082427841085
        0.759059506746241         2.88519264588609
        0.761567444448908         2.86065481834241
        0.764075382151576         2.83713866671859
        0.766583319854243         2.81457971769528
        0.769091257556911         2.79292005286404
        0.771599195259579         2.77210740350753
        0.774107132962246         2.75209440189528
        0.776615070664914          2.7328379553519
        0.779123008367581         2.71429871970447
        0.781630946070249         2.69644065469532
        0.784138883772916         2.67923064380279
        0.786646821475584         2.66263817073387
        0.789154759178251         2.64663511090719
        0.791662696880919         2.63119520444117
        0.794170634583586         2.61629427359237
        0.796678572286254         2.60190975463312
        0.799186509988921         2.58802060885814
        0.801694447691589         2.57460718089835
        0.804202385394257         2.56165107391371
        0.806710323096924          2.5491350390872
        0.809218260799592         2.53704287751494
        0.811726198502259         2.52535935249494
        0.814234136204927         2.51407011141673
        0.816742073907594         2.50316161523838
        0.819250011610262         2.49262107517424
        0.821757949312929         2.48243639661679
        0.824265887015597         2.47259612672531
        0.826773824718265         2.46308940852959
        0.829281762420932         2.45390593837958
          0.8317897001236         2.44503592745079
        0.834297637826267         2.43647006712055
        0.836805575528935         2.42819949651252
        0.839313513231602         2.42021577307231
         0.84182145093427         2.41251084651155
        0.844329388636937         2.40507703357401
        0.846837326339605         2.39790699529661
        0.849345264042272         2.39099371680449
         0.85185320174494         2.38433048734048
        0.854361139447607         2.37791088253693
        0.856869077150275         2.37172874917826
        0.859377014852943         2.36577818770959
         0.86188495255561         2.36005354029904
        0.864392890258278         2.35454937639894
        0.866900827960945         2.34926048092706
        0.869408765663613         2.34418184309033
         0.87191670336628         2.33930864528091
        0.874424641068948         2.33463625355636
        0.876932578771615         2.33016020834196
        0.879440516474283         2.32587621575144
         0.88194845417695         2.32178013925625
        0.884456391879618         2.31786799229307
        0.886964329582286         2.31413593188456
        0.889472267284953         2.31058024992603
        0.891980204987621         2.30719736897152
        0.894488142690288         2.30398383573654
        0.896996080392956         2.30093631461714
        0.899504018095623         2.29805158353408
        0.902011955798291         2.29532652820564
        0.904519893500958         2.29275813954268
        0.907027831203626          2.2903435046645
        0.909535768906294         2.28807980765929
        0.912043706608961         2.28596432323625
        0.914551644311629         2.28399441283154
        0.917059582014296         2.28216752210277
        0.919567519716964         2.28048117683504
        0.922075457419631         2.27893297977211
        0.924583395122299         2.27752060817265
        0.927091332824966         2.27624181022837
        0.929599270527634         2.27509440278424
        0.932107208230301         2.27407626861423
        0.934615145932969         2.27318535393434
        0.937123083635636         2.27241966609093
        0.939631021338304         2.27177727122044
        0.942138959040972         2.27125629231152
        0.944646896743639         2.27085490688169
        0.947154834446307            2.27057134547
        0.949662772148974         2.27040388921091
        0.952170709851642         2.27035086848879
        0.954678647554309         2.27041066130263
        0.957186585256977         2.27058169111899
        0.959694522959644         2.27086242578775
        0.962202460662312         2.27125137625126
        0.964710398364979         2.27174709436669
        0.967218336067647         2.27234817213791
        0.969726273770315         2.27305324039558
        0.972234211472982         2.27386096742901
         0.97474214917565         2.27477005757062
        0.977250086878317         2.27577925038195
        0.979758024580985         2.27688731938851
        0.982265962283652         2.27809307131818
         0.98477389998632         2.27939534433632
        0.987281837688987         2.28079300795825
        0.989789775391655         2.28228496151861
        0.992297713094322         2.28387013353547
         0.99480565079699         2.28554748083931
        0.997313588499658         2.28731598742189
        0.999821526202325         2.28917466406176
         1.00232946390499          2.2911225472623
         1.00483740160766         2.29315869867002
         1.00734533931033         2.29528220437236
           1.009853277013         2.29749217381671
         1.01236121471566         2.29978773969564
         1.01486915241833         2.30216805694901
           1.017377090121         2.30463230222683
         1.01988502782367         2.30717967347259
         1.02239296552633         2.30980938888721
           1.024900903229          2.3125206868106
         1.02740884093167         2.31531282502048
         1.02991677863434         2.31818508017594
           1.032424716337          2.3211367469866
         1.03493265403967         2.32416713967015
         1.03744059174234         2.32727558743905
         1.03994852944501         2.33046143815123
         1.04245646714767         2.33372405580859
         1.04496440485034         2.33706282049622
         1.04747234255301         2.34047712813485
         1.04998028025568         2.34396638979141
         1.05248821795834         2.34753003150051
         1.05499615566101         2.35116749388254
         1.05750409336368         2.35487823168072
         1.06001203106635         2.35866171350898
         1.06251996876901         2.36251742149922
         1.06502790647168          2.3664448507922
         1.06753584417435         2.37044350945335
         1.07004378187702         2.37451291805256
         1.07255171957968          2.3786526093486
         1.07505965728235         2.38286212808481
         1.07756759498502         2.38714103058903
         1.08007553268769          2.3914888844465
         1.08258347039035         2.39590526846158
         1.08509140809302         2.40038977220173
         1.08759934579569         2.40494199587012
         1.09010728349836         2.40956154989013
         1.09261522120102         2.41424805479531
         1.09512315890369         2.41900114097326
         1.09763109660636         2.42382044847904
         1.10013903430903         2.42870562669651
         1.10264697201169         2.43365633421135
         1.10515490971436         2.43867223861423
         1.10766284741703         2.44375301622514
          1.1101707851197         2.44889835196775
         1.11267872282236          2.4541079391299
         1.11518666052503          2.4593814792094
          1.1176945982277         2.46471868167002
         1.12020253593037         2.47011926387606
         1.12271047363303         2.47558295079539
          1.1252184113357         2.48110947489283
         1.12772634903837         2.48669857599938
         1.13023428674104          2.4923500010516
          1.1327422244437         2.49806350401359
         1.13525016214637         2.50383884573703
         1.13775809984904         2.50967579374935
         1.14026603755171         2.51557412213404
         1.14277397525438         2.52153361139541
         1.14528191295704         2.52755404833957
         1.14778985065971         2.53363522590481
         1.15029778836238         2.53977687031522
         1.15280572606505         2.54597893208747
         1.15531366376771         2.55224114886108
         1.15782160147038         2.55856333686058
         1.16032953917305         2.56494531785844
         1.16283747687572         2.57138691903872
         1.16534541457838          2.5778879727859
         1.16785335228105         2.58444831672965
         1.17036128998372         2.59106779355018
         1.17286922768639         2.59774625084546
         1.17537716538905         2.60448354116425
         1.17788510309172         2.61127952174309
         1.18039304079439         2.61813405444394
         1.18290097849706         2.62504700570254
         1.18540891619972         2.63201824644083
         1.18791685390239         2.63904765191775
         1.19042479160506         2.64613510166777
         1.19293272930773         2.65328047943647
         1.19544066701039         2.66048367302176
         1.19794860471306         2.66774457426497
         1.20045654241573         2.67506307888584
          1.2029644801184         2.68243908649381
         1.20547241782106         2.68987250043887
