        0.645787727176078         4974.11715817119
        0.648598180292756         8.22255765030006
        0.651408633409434         5.82353252776419
        0.654219086526111          4.7767605652029
        0.657029539642789         4.16264839459917
        0.659839992759467         3.75016602218814
        0.662650445876144         3.45042829290993
        0.665460898992822         3.22107190480072
          0.6682713521095         3.03904281752565
        0.671081805226177         2.89059731030516
        0.673892258342855         2.76697531860687
        0.676702711459533         2.66229943676016
         0.67951316457621         2.57246273341085
        0.682323617692888         2.49449903996151
        0.685134070809566         2.42620656297592
        0.687944523926243         2.36591271912395
        0.690754977042921         2.31232159585089
        0.693565430159599         2.26441183007721
        0.696375883276276          2.2213663522282
        0.699186336392954         2.18252287156154
        0.701996789509632         2.14733825848828
        0.704807242626309         2.11536243491113
        0.707617695742987         2.08621891926015
        0.710428148859665         2.05959011002346
        0.713238601976342         2.03520600651973
         0.71604905509302         2.01283545451253
        0.718859508209698         1.99227928027069
        0.721669961326375         1.97336484429334
        0.724480414443053           1.955941691934
        0.727290867559731          1.9398780312619
        0.730101320676408         1.92505787902427
        0.732911773793086         1.91137871598538
        0.735722226909764         1.89874955449406
        0.738532680026441         1.88708933222119
        0.741343133143119         1.87632557121078
        0.744153586259797         1.86639325236113
        0.746964039376474         1.85723386153463
        0.749774492493152         1.84879458377999
         0.75258494560983         1.84102761365869
        0.755395398726507         1.83388956511557
        0.758205851843185         1.82734096398746
        0.761016304959863         1.82134581287951
         0.76382675807654          1.8158712064129
        0.766637211193218         1.81088700764569
        0.769447664309896         1.80636555445357
        0.772258117426573         1.80228141026276
        0.775068570543251         1.79861114211911
        0.777879023659929          1.7953331261522
        0.780689476776606          1.7924273747702
        0.783499929893284         1.78987538488897
        0.786310383009962         1.78766000118788
        0.789120836126639         1.78576529829937
        0.791931289243317         1.78417647052421
        0.794741742359995         1.78287973698836
        0.797552195476672         1.78186225342083
         0.80036264859335         1.78111203615658
        0.803173101710028         1.78061789089154
        0.805983554826705          1.7803693498901
        0.808794007943383         1.78035661288559
        0.811604461060061         1.78057049884131
        0.814414914176739         1.78100239218029
        0.817225367293416         1.78164420492849
        0.820035820410094         1.78248833492777
        0.822846273526771         1.78352762986164
        0.825656726643449         1.78475535438328
        0.828467179760127         1.78616515960537
        0.831277632876804          1.7877510565498
        0.834088085993482         1.78950738914757
         0.83689853911016         1.79142881211205
        0.839708992226837         1.79351026912821
        0.842519445343515         1.79574697343583
        0.845329898460193         1.79813438948217
         0.84814035157687         1.80066821776128
        0.850950804693548         1.80334437697996
        0.853761257810226         1.80615899231968
        0.856571710926903         1.80910838256185
        0.859382164043581         1.81218904710456
        0.862192617160259         1.81539765556129
        0.865003070276936          1.8187310377133
        0.867813523393614         1.82218617413369
        0.870623976510292         1.82576018766519
        0.873434429626969         1.82945033516262
        0.876244882743647         1.83325400027948
        0.879055335860325         1.83716868652146
        0.881865788977003         1.84119201102927
         0.88467624209368         1.84532169699631
        0.887486695210358         1.84955557193231
        0.890297148327035         1.85389155783528
        0.893107601443713         1.85832766873591
        0.895918054560391         1.86286200669634
        0.898728507677068         1.86749275560115
        0.901538960793746         1.87221817837581
        0.904349413910424         1.87703661290335
        0.907159867027101         1.88194646828075
        0.909970320143779         1.88694622164333
        0.912780773260457          1.8920344150686
        0.915591226377134         1.89720965217667
        0.918401679493812         1.90247059567652
         0.92121213261049         1.90781596448326
        0.924022585727168         1.91324453142777
        0.926833038843845           1.918755120518
        0.929643491960523         1.92434660484091
          0.9324539450772         1.93001790398104
        0.935264398193878         1.93576798367322
        0.938074851310556         1.94159585181242
        0.940885304427234         1.94750055729045
        0.943695757543911         1.95348118867787
        0.946506210660589         1.95953687231428
        0.949316663777267         1.96566677066379
        0.952127116893944          1.9718700810373
        0.954937570010622          1.9781460336661
        0.957748023127299         1.98449389147031
        0.960558476243977         1.99091294733591
        0.963368929360655         1.99740252403589
        0.966179382477332         2.00396197252058
         0.96898983559401         2.01059067096476
        0.971800288710688         2.01728802369641
        0.974610741827366         2.02405346018491
        0.977421194944043         2.03088643421461
        0.980231648060721         2.03778642285018
        0.983042101177399          2.0447529255229
        0.985852554294076          2.0517854630283
        0.988663007410754         2.05888357764756
        0.991473460527432         2.06604683098142
        0.994283913644109         2.07327480453426
        0.997094366760787         2.08056709834716
        0.999904819877464         2.08792333001241
         1.00271527299414         2.09534313498226
         1.00552572611082         2.10282616517995
          1.0083361792275         2.11037208889786
         1.01114663234418         2.11798059009249
         1.01395708546085         2.12565136757393
         1.01676753857753         2.13338413492416
         1.01957799169421         2.14117861979763
         1.02238844481089         2.14903456351738
         1.02519889792756         2.15695172052005
         1.02800935104424          2.1649298580549
         1.03081980416092         2.17296875590449
          1.0336302572776         2.18106820545117
         1.03644071039427         2.18922800999086
         1.03925116351095         2.19744798313405
         1.04206161662763         2.20572795133188
         1.04487206974431         2.21406774976804
         1.04768252286098         2.22246722437514
         1.05049297597766         2.23092623111078
         1.05330342909434         2.23944463541559
         1.05611388221102         2.24802231212169
          1.0589243353277         2.25665914480432
         1.06173478844437         2.26535502636779
         1.06454524156105         2.27410985755103
         1.06735569467773         2.28292354782436
         1.07016614779441          2.2917960144844
         1.07297660091108         2.30072718277505
         1.07578705402776         2.30971698532167
         1.07859750714444         2.31876536210495
         1.08140796026112         2.32787226031662
         1.08421841337779         2.33703763407342
         1.08702886649447         2.34626144424639
         1.08983931961115         2.35554365819784
         1.09264977272783         2.36488424978836
         1.09546022584451         2.37428319888905
         1.09827067896118         2.38374049161979
         1.10108113207786         2.39325611984115
         1.10389158519454         2.40283008107713
         1.10670203831122         2.41246237846683
         1.10951249142789         2.42215302085537
         1.11232294454457           2.431902021643
         1.11513339766125         2.44170939992699
         1.11794385077793         2.45157517962096
          1.1207543038946         2.46149938948141
         1.12356475701128         2.47148206290655
         1.12637521012796         2.48152323816323
         1.12918566324464         2.49162295759303
         1.13199611636131         2.50178126822463
         1.13480656947799         2.51199822117523
         1.13761702259467         2.52227387172792
         1.14042747571135         2.53260827918403
         1.14323792882803         2.54300150674569
          1.1460483819447         2.55345362133409
         1.14885883506138         2.56396469402982
         1.15166928817806         2.57453479875483
         1.15447974129474         2.58516401354011
         1.15729019441141          2.5958524194061
         1.16010064752809         2.60660010101972
         1.16291110064477         2.61740714608815
         1.16572155376145         2.62827364528185
         1.16853200687812         2.63919969262666
          1.1713424599948         2.65018538467409
         1.17415291311148         2.66123082075488
         1.17696336622816           2.672336102799
         1.17977381934484         2.68350133514098
         1.18258427246151         2.69472662419702
         1.18539472557819         2.70601207813121
         1.18820517869487         2.71735780623994
         1.19101563181155         2.72876391792735
         1.19382608492822         2.74023052062347
          1.1966365380449         2.75175771509167
         1.19944699116158         2.76334558184616
         1.20225744427826         2.77499412370575
         1.20506789739493          2.7867004856935
