            sqrt(s) [GeV]               sigma [mb]
        0.645787727175995         120.403315499431
        0.648598180292673         85.5859445995566
        0.651408633409351         66.4469754627804
        0.654219086526029         54.2973434685352
        0.657029539642707         45.8983220094163
        0.659839992759385          39.746411814981
        0.662650445876063         35.0476251061516
        0.665460898992741         31.3429189238992
        0.668271352109419         28.3483662702018
        0.671081805226097         25.8788967638611
        0.673892258342775         23.8087102700643
        0.676702711459453         22.0493073179126
        0.679513164576132         20.5366209919057
         0.68232361769281         19.2231291724752
        0.685134070809488         18.0728457749988
        0.687944523926166         17.0580217966875
        0.690754977042844          16.156920377879
        0.693565430159522         15.3522758270598
          0.6963758832762         14.6302036248736
        0.699186336392878          13.979414512513
        0.701996789509556         13.3906380234651
        0.704807242626234         12.8561930394494
        0.707617695742912         12.3696633372162
         0.71042814885959         11.9256492810216
        0.713238601976269          11.519576113798
        0.716049055092947         11.1475410187322
        0.718859508209625         10.8061975029324
        0.721669961326303         10.4926578999139
        0.724480414442981         10.2044172116491
        0.727290867559659         9.93929068760262
        0.730101320676337         9.69536261561874
        0.732911773793015         9.47094396269594
        0.735722226909693         9.26453705741576
        0.738532680026371         9.07480592476137
        0.741343133143049         8.90055118910569
        0.744153586259727         8.74068870352406
        0.746964039376406         8.59423125756793
        0.749774492493084         8.46027285008315
        0.752584945609762         8.33797513065558
         0.75539539872644         8.22655571214367
        0.758205851843118           8.125278115958
        0.761016304959796         8.03344317839975
        0.763826758076474         7.95038178506797
        0.766637211193152           7.875448835681
         0.76944766430983         7.80801836524009
        0.772258117426508         7.74747976234747
        0.775068570543186         7.69323503178857
        0.777879023659864         7.64469705323305
        0.780689476776542         7.60128877622294
        0.783499929893221         7.56244328663125
        0.786310383009899         7.52760466446585
        0.789120836126577         7.49622953436246
        0.791931289243255         7.46778919761719
        0.794741742359933         7.44177221748348
        0.797552195476611         7.41768731484596
        0.800362648593289         7.39506643050706
        0.803173101709967          7.3734677974665
        0.805983554826645         7.35247888278722
        0.808794007943323         7.33171905810646
        0.811604461060001         7.31084187953043
        0.814414914176679         7.28953688260523
        0.817225367293358         7.26753081372082
        0.820035820410036         7.24458860138201
        0.822846273526714         7.22051199428674
        0.825656726643392         7.19514100865352
         0.82846717976007         7.16835138647858
        0.831277632876748         7.14005324357726
        0.834088085993426         7.11018893059706
        0.836898539110104         7.07873053713652
        0.839708992226782         7.04567712289329
         0.84251944534346          7.0110517698427
        0.845329898460138         6.97489854228822
        0.848140351576816          6.9372794331129
        0.850950804693494         6.89827137045158
        0.853761257810173         6.85796334192601
        0.856571710926851         6.81645368689792
        0.859382164043529         6.77384759216517
        0.862192617160207         6.73025481628065
        0.865003070276885          6.6857876576798
        0.867813523393563         6.64055917202613
        0.870623976510241         6.59468163649562
        0.873434429626919         6.54826525340281
        0.876244882743597         6.50141707932941
        0.879055335860275         6.45424016472314
        0.881865788976953         6.40683288317563
        0.884676242093631         6.35928843261325
         0.88748669521031         6.31169448871258
        0.890297148326988         6.26413298631757
        0.893107601443666         6.21668001598295
        0.895918054560344         6.16940581320363
        0.898728507677022         6.12237482539152
          0.9015389607937         6.07564584236969
        0.904349413910378         6.02927217629307
        0.907159867027056         5.98330187883944
        0.909970320143734         5.93777798725479
        0.912780773260412         5.89273878904127
         0.91559122637709         5.84821809879066
        0.918401679493768          5.8042455407011
        0.921212132610447         5.76084683160742
        0.924022585727125         5.71804406192765
        0.926833038843803         5.67585596941593
        0.929643491960481         5.63429820420916
        0.932453945077159         5.59338358349711
        0.935264398193837         5.55312233457667
        0.938074851310515         5.51352232461349
        0.940885304427193          5.4745892778522
        0.943695757543871         5.43632697841751
        0.946506210660549         5.39873746086308
        0.949316663777227         5.36182118656734
        0.952127116893905         5.32557720790963
        0.954937570010584         5.29000331954398
        0.957748023127262         5.25509619795789
         0.96055847624394         5.22085153009595
        0.963368929360618         5.18726413067992
        0.966179382477296         5.15432805011801
        0.968989835593974         5.12203667240601
        0.971800288710652         5.09038280451733
         0.97461074182733         5.05935875786331
        0.977421194944008         5.02895642181536
        0.980231648060686         4.99916733032639
        0.983042101177364         4.96998272208269
        0.985852554294042         4.94139359475523
         0.98866300741072          4.9133907538106
        0.991473460527398          4.8859648563696
        0.994283913644077         4.85910645006879
        0.997094366760755         4.83280600839922
        0.999904819877433         4.80705396154975
         1.00271527299411         4.78184072441591
         1.00552572611079         4.75715672092561
         1.00833617922747         4.73299240566965
         1.01114663234415          4.7093382831082
         1.01395708546082         4.68618492410132
          1.0167675385775         4.66352298049745
         1.01957799169418         4.64134319773698
         1.02238844481086          4.6196364257181
         1.02519889792754         4.59839362808545
         1.02800935104421         4.57760589004913
         1.03081980416089         4.55726442507407
         1.03363025727757         4.53736058021511
         1.03644071039425         4.51788584062314
         1.03925116351093         4.49883183299683
          1.0420616166276         4.48019032830441
         1.04487206974428         4.46195324361307
         1.04768252286096         4.44411264357982
         1.05049297597764         4.42666074089373
         1.05330342909432         4.40958989676977
         1.05611388221099         4.39289262029546
         1.05892433532767         4.37656156814813
         1.06173478844435         4.36058954328145
         1.06454524156103          4.3449694936435
         1.06735569467771         4.32969451061101
         1.07016614779438         4.31475782708578
         1.07297660091106          4.3001528154388
         1.07578705402774         4.28587298518266
         1.07859750714442         4.27191198062091
          1.0814079602611         4.25826357811866
         1.08421841337778         4.24492168394164
         1.08702886649445         4.23188033092983
         1.08983931961113         4.21913367589903
         1.09264977272781         4.20667599672365
         1.09546022584449         4.19450168938797
         1.09827067896117          4.1826052648947
         1.10108113207784         4.17098134640132
         1.10389158519452          4.1596246659679
          1.1067020383112         4.14853006148645
         1.10951249142788         4.13769247362286
         1.11232294454456         4.12710694275707
         1.11513339766123         4.11676860572348
         1.11794385077791         4.10667269281896
         1.12075430389459         4.09681452456855
         1.12356475701127         4.08718965534289
         1.12637521012795         4.07779328361891
         1.12918566324462         4.06862112850055
          1.1319961163613         4.05966884028533
         1.13480656947798         4.05093214395907
         1.13761702259466         4.04240683609495
         1.14042747571134         4.03408878156412
         1.14323792882802           4.025973910515
         1.14604838194469          4.0180582152145
         1.14885883506137         4.01033774695454
         1.15166928817805         4.00280861281242
         1.15447974129473         3.99546697241884
         1.15729019441141         3.98830903511392
         1.16010064752808         3.98133105611778
         1.16291110064476          3.9745293338186
         1.16572155376144         3.96790020619498
         1.16853200687812          3.9614400477006
          1.1713424599948         3.95514526576712
         1.17415291311147          3.9490122974345
         1.17696336622815         3.94303760618057
         1.17977381934483         3.93721767834524
         1.18258427246151         3.93154902008724
         1.18539472557819          3.9260281541709
         1.18820517869486         3.92065161767292
         1.19101563181154         3.91541596052753
         1.19382608492822         3.91031774707071
          1.1966365380449         3.90535356510546
         1.19944699116158         3.90052005970056
         1.20225744427825         3.89581408903233
         1.20506789739493         3.89123883091316
