       0.0254109146410459      0.00528866066630428
       0.0313378345994903      0.00549648887323666
       0.0372647545579348      0.00696334769621247
       0.0431916745163792      0.00919525728665618
       0.0491185944748237       0.0120011742479775
       0.0550455144332681       0.0152835299900598
       0.0609724343917126       0.0189856852330673
       0.0668993543501571        0.023071106761505
       0.0728262743086015       0.0275140247283146
        0.078753194267046       0.0322948524509904
       0.0846801142254904       0.0373977793342704
       0.0906070341839349       0.0428094301595042
       0.0965339541423793       0.0485180849235726
        0.102460874100824       0.0545132003571502
        0.108387794059268       0.0607851099474557
        0.114314714017713       0.0673248270714267
        0.120241633976157        0.074123912392617
        0.126168553934602       0.0811743818329234
        0.132095473893046        0.088468640980013
         0.13802239385149       0.0959994368634704
        0.143949313809935         0.10375982178001
        0.149876233768379        0.111743125202797
        0.155803153726824        0.119942931767197
        0.161730073685268        0.128353063119951
        0.167656993643713        0.136967563225147
        0.173583913602157        0.145780685593335
        0.179510833560602        0.154786882534253
        0.185437753519046        0.163980795540039
        0.191364673477491        0.173357246860437
        0.197291593435935         0.18291123225501
        0.203218513394379        0.192637911614031
        0.209145433352824        0.202532607923793
        0.215072353311268        0.212590794941733
        0.220999273269713        0.222808095375165
        0.226926193228157        0.233180276219244
        0.232853113186602        0.243703239686098
        0.238780033145046        0.254373024343502
        0.244706953103491        0.265185795269231
        0.250633873061935        0.276137842953471
         0.25656079302038        0.287225579322526
        0.262487712978824        0.298445531827338
        0.268414632937268        0.309794341254696
        0.274341552895713        0.321268759298485
        0.280268472854157        0.332865641442902
        0.286195392812602        0.344581947599378
        0.292122312771046          0.3564147370083
        0.298049232729491        0.368361164673025
        0.303976152687935         0.38041848377567
         0.30990307264638        0.392584030983844
        0.315829992604824        0.404855239701177
        0.321756912563269        0.417229622894339
        0.327683832521713        0.429704780674854
        0.333610752480157        0.442278392999333
        0.339537672438602        0.454948218094694
        0.345464592397046         0.46771209167578
        0.351391512355491        0.480567924492512
        0.357318432313935        0.493513698619927
         0.36324535227238        0.506547467855848
        0.369172272230824        0.519667352917385
        0.375099192189269        0.532871545736447
        0.381026112147713        0.546158299033857
        0.386953032106158        0.559525931614198
        0.392879952064602        0.572972824631587
        0.398806872023046        0.586497417588855
        0.404733791981491        0.600098211454315
        0.410660711939935        0.613773767498232
         0.41658763189838        0.627522698244957
        0.422514551856824        0.641343675329335
        0.428441471815269        0.655235422213013
        0.434368391773713        0.669196718087095
        0.440295311732158        0.683226391721236
        0.446222231690602        0.697323325127232
        0.452149151649047        0.711486448734096
        0.458076071607491        0.725714741803379
        0.464002991565935        0.740007233598817
         0.46992991152438        0.754362999305566
        0.475856831482824        0.768781160314846
        0.481783751441269        0.783260885235729
        0.487710671399713        0.797801386876182
        0.493637591358158        0.812401922465446
        0.499564511316602        0.827061793319607
        0.505491431275047        0.841780345135608
        0.511418351233491        0.856556962917863
        0.517345271191936        0.871391076685904
         0.52327219115038        0.886282156898856
        0.529199111108824        0.901229714942913
        0.535126031067269        0.916233303513411
        0.541052951025713        0.931292514901377
        0.546979870984158        0.946406980932433
        0.552906790942602        0.961576374195081
        0.558833710901047        0.976800404597351
        0.564760630859491        0.992078821876314
        0.570687550817936         1.00741141408157
         0.57661447077638         1.02279800705659
        0.582541390734824         1.03823846459313
        0.588468310693269         1.05373268814383
        0.594395230651713          1.0692806169083
        0.600322150610158         1.08488222612514
        0.606249070568602         1.10053752891373
        0.612175990527047         1.11624657495316
        0.618102910485491         1.13200945130489
        0.624029830443936         1.14782627996795
         0.62995675040238          1.1636972197572
        0.635883670360824         1.17962246597911
        0.641810590319269         1.19560224952661
        0.647737510277713         1.21163683719361
        0.653664430236158         1.22772653167343
        0.659591350194602          1.2438716711924
        0.665518270153047          1.2600726298963
        0.671445190111491         1.27632981657431
        0.677372110069936         1.29264367591927
         0.68329903002838         1.30901468784219
        0.689225949986825         1.32544336683473
        0.695152869945269         1.34193026368765
        0.701079789903714         1.35847596371632
        0.707006709862158         1.37508108646328
        0.712933629820602         1.39174628724742
        0.718860549779047         1.40847225601809
        0.724787469737491         1.42525971742276
        0.730714389695936          1.4421094308435
         0.73664130965438         1.45902219037994
        0.742568229612825         1.47599882463894
        0.748495149571269         1.49304019685885
        0.754422069529714         1.51014720470139
        0.760348989488158         1.52732078025656
        0.766275909446603         1.54456188979095
        0.772202829405047         1.56187153431312
        0.778129749363491         1.57925074959302
        0.784056669321936          1.5967006016328
         0.78998358928038         1.61422219683252
        0.795910509238825         1.63181667133855
        0.801837429197269         1.64948519622597
        0.807764349155714          1.6672289762986
        0.813691269114158         1.68504925058976
        0.819618189072603         1.70294729170613
        0.825545109031047         1.72092440543605
        0.831472028989491         1.73898193114982
        0.837398948947936         1.75712124228404
         0.84332586890638         1.77534374527719
        0.849252788864825         1.79365087835772
        0.855179708823269         1.81204411564781
        0.861106628781714         1.83052496229951
        0.867033548740158         1.84909495677414
        0.872960468698603          1.8677556703692
        0.878887388657047         1.88650870706259
        0.884814308615492         1.90535570316991
        0.890741228573936         1.92429832762446
         0.89666814853238         1.94333828138163
        0.902595068490825         1.96247729761359
        0.908521988449269         1.98171714138489
        0.914448908407714         2.00105960966889
        0.920375828366158         2.02050653079879
        0.926302748324603         2.04005976494992
        0.932229668283047         2.05972120338875
        0.938156588241492         2.07949276855198
        0.944083508199936         2.09937641388371
        0.950010428158381         2.11937412352262
        0.955937348116825           2.139487910456
        0.961864268075269         2.15971982562841
        0.967791188033714         2.18007193808104
        0.973718107992158         2.20054635588093
        0.979645027950603         2.22114521394014
        0.985571947909047         2.24187067718797
        0.991498867867492         2.26272493956255
        0.997425787825936         2.28371022441014
         1.00335270778438         2.30482878401252
         1.00927962774283         2.32608289924693
         1.01520654770127         2.34747487944317
         1.02113346765971         2.36900706222412
         1.02706038761816         2.39068181307022
          1.0329873075766          2.4125015252404
         1.03891422753505         2.43446861919808
         1.04484114749349          2.4565855430632
         1.05076806745194         2.47885477153124
         1.05669498741038          2.5012788060227
         1.06262190736883         2.52386017420604
         1.06854882732727         2.54660142999784
         1.07447574728571         2.56950515294805
         1.08040266724416         2.59257394811516
          1.0863295872026         2.61581044578371
         1.09225650716105         2.63921730106646
         1.09818342711949         2.66279719361703
         1.10411034707794         2.68655282728181
         1.11003726703638         2.71048692977653
         1.11596418699483         2.73460225252281
         1.12189110695327         2.75890156978269
         1.12781802691171         2.78338767910671
         1.13374494687016         2.80806340025228
          1.1396718668286         2.83293157517832
         1.14559878678705         2.85799506757056
         1.15152570674549         2.88325676250041
         1.15745262670394         2.90871956598215
         1.16337954666238         2.93438640463032
         1.16930646662083         2.96026022517503
         1.17523338657927         2.98634399418047
         1.18116030653771         3.01264069731653
         1.18708722649616         3.03915333940228
          1.1930141464546         3.06588494348966
         1.19894106641305         3.09283855070225
         1.20486798637149         3.12001721949388
