            sqrt(s) [GeV]               sigma [mb]
        0.151667982521437         16.3626440016879
        0.157006889687307         24.6338548137296
        0.162345796853177         38.4011513292058
        0.167684704019048         60.9887240284938
        0.173023611184918         92.1975698985053
        0.178362518350789         114.557211730189
        0.183701425516659          105.38683457255
        0.189040332682529         79.2602590612113
          0.1943792398484         56.9105808986916
         0.19971814701427         42.2814392239503
         0.20505705418014         33.5381454195071
        0.210395961346011         28.9111403399781
        0.215734868511881         27.4655744653429
        0.221073775677752         28.6919245897429
        0.226412682843622          31.565132062803
        0.231751590009492         33.6437649065635
        0.237090497175363         32.6249348363355
        0.242429404341233         29.0240896384519
        0.247768311507104         24.7920061379267
        0.253107218672974         21.0661888660911
        0.258446125838844         18.1004375492524
        0.263785033004715         15.8042043339959
        0.269123940170585         14.0240080449653
        0.274462847336455         12.6271288694856
        0.279801754502326         11.5142163333234
        0.285140661668196         10.6138676784742
        0.290479568834067         9.87503705601036
        0.295818475999937         9.26090770776687
        0.301157383165807         8.74453482358469
        0.306496290331678         8.30586556480468
        0.311835197497548         7.92971658294829
        0.317174104663418         7.60439385483305
        0.322513011829289         7.32074016404962
        0.327851918995159         7.07146870464965
         0.33319082616103         6.85069021485807
          0.3385297333269          6.6535728460238
         0.34386864049277         6.47609450356421
        0.349207547658641         6.31486068277101
        0.354546454824511         6.16696952470464
        0.359885361990382         6.02991151595599
        0.365224269156252          5.9014951143036
        0.370563176322122         5.77979207860092
        0.375902083487993         5.66309805718753
        0.381240990653863         5.54990506325975
        0.386579897819733         5.43888327207172
        0.391918804985604         5.32887020109469
        0.397257712151474          5.2188643577735
        0.402596619317345         5.10802440699583
        0.407935526483215         4.99566873066807
        0.413274433649085         4.88127662414825
        0.418613340814956         4.76448871413726
        0.423952247980826         4.64510562128873
        0.429291155146697         4.52308391072354
        0.434630062312567         4.39852866359078
        0.439968969478437         4.27168235965968
        0.445307876644308         4.14291001965025
        0.450646783810178         4.01268107698135
        0.455985690976048         3.88154853916409
        0.461324598141919         3.75012638900785
        0.466663505307789         3.61906624391313
         0.47200241247366         3.48903433976954
         0.47734131963953         3.36068985493637
          0.4826802268054         3.23466544637155
        0.488019133971271         3.11155066807858
        0.493358041137141         2.99187871840013
        0.498696948303011         2.87611671503162
        0.504035855468882         2.76465947131274
        0.509374762634752         2.65782656785816
        0.514713669800623          2.5558623445933
        0.520052576966493          2.4589383598712
        0.525391484132363         2.36715780415387
        0.530730391298234         2.28056133955547
        0.536069298464104         2.19913387662919
        0.541408205629974         2.12281184580663
        0.546747112795845          2.0514905843598
        0.552086019961715         1.98503153219777
        0.557424927127586         1.92326901232969
        0.562763834293456         1.86601642768619
        0.568102741459326         1.81307177206221
        0.573441648625197         1.76422239582592
        0.578780555791067         1.71924900222622
        0.584119462956938         1.67792887754471
        0.589458370122808         1.64003836182877
        0.594797277288678         1.60535457400729
        0.600136184454549          1.5736563818254
        0.605475091620419         1.54472458369026
         0.61081399878629         1.51834120052179
         0.61615290595216         1.49428770229803
         0.62149181311803         1.47234183051445
        0.626830720283901         1.45227244024433
        0.632169627449771         1.43383137124388
        0.637508534615641          1.4167406984091
        0.642847441781512         1.40067268900856
        0.648186348947382         1.38521875733176
        0.653525256113253          1.3698457906395
        0.658864163279123         1.35386379397259
        0.664203070444993          1.3366160250338
        0.669541977610864         1.31956541841573
        0.674880884776734         1.32624611054752
        0.680219791942605         1.55223037059264
        0.685558699108475         1.72533752405982
        0.690897606274345         1.59613010944238
        0.696236513440216         1.52745548718651
        0.701575420606086         1.49321724536031
        0.706914327771956         1.47453912689556
        0.712253234937827         1.46397557097565
        0.717592142103697         1.45823618572353
        0.722931049269568         1.45567285755168
        0.728269956435438         1.45537137686152
        0.733608863601308         1.45678147628243
        0.738947770767179          1.4595492363978
        0.744286677933049         1.46343420674438
        0.749625585098919         1.46826536454232
         0.75496449226479         1.47391627184371
         0.76030339943066         1.48029033732309
        0.765642306596531         1.48731168396946
        0.770981213762401         1.49491927603451
        0.776320120928271         1.50306300957406
        0.781659028094142         1.51170102812836
        0.786997935260012         1.52079782103405
        0.792336842425883         1.53032282514176
        0.797675749591753         1.54024933397676
        0.803014656757623         1.55055354000942
        0.808353563923494         1.56121340397009
        0.813692471089364         1.57220630067745
        0.819031378255234         1.58349662183541
        0.824370285421105         1.59502240130063
        0.829709192586975         1.60703168571344
        0.835048099752846         1.61933839862084
        0.840387006918716         1.63192262498203
        0.845725914084586         1.64477232109287
        0.851064821250457         1.65787795573177
        0.856403728416327         1.67123135462842
        0.861742635582197         1.68482526663867
        0.867081542748068          1.6986531553024
        0.872420449913938         1.71270909483954
        0.877759357079809         1.72698773014036
        0.883098264245679         1.74148428887235
        0.888437171411549         1.75619463349998
         0.89377607857742         1.77111534126188
         0.89911498574329         1.78624377822333
        0.904453892909161         1.80157812973498
        0.909792800075031         1.81711734171644
        0.915131707240901         1.83286095080506
        0.920470614406772         1.84880881888785
        0.925809521572642         1.86496083308159
        0.931148428738512         1.88131665174353
        0.936487335904383         1.89787555939368
        0.941826243070253         1.91463644890374
        0.947165150236124          1.9315979045591
        0.952504057401994         1.94875819833192
        0.957842964567864         1.96611598148353
        0.963181871733735         1.98366956573821
        0.968520778899605         2.00141755253881
        0.973859686065475          2.0193587340591
        0.979198593231346         2.03749210577265
        0.984537500397216         2.05581686070565
        0.989876407563087         2.07433237477045
        0.995215314728957         2.09303818707233
         1.00055422189483         2.11193397973404
          1.0058931290607         2.13101955807745
         1.01123203622657         2.15029483429398
         1.01657094339244         2.16975981176514
         1.02190985055831         2.18941457235391
         1.02724875772418         2.20925926547691
         1.03258766489005         2.22929409887392
         1.03792657205592         2.24951933049479
         1.04326547922179         2.26993526179822
         1.04860438638766         2.29054223175964
         1.05394329355353         2.31134061145735
          1.0592822007194         2.33233079960686
         1.06462110788527          2.3535132181634
         1.06996001505114         2.37488830827472
         1.07529892221701         2.39645652669338
         1.08063782938288         2.41821834252459
         1.08597673654875          2.4401742317068
         1.09131564371462         2.46232467783983
         1.09665455088049         2.48467016418831
         1.10199345804636         2.50721117230891
         1.10733236521224         2.52994817758825
         1.11267127237811         2.55288164498275
         1.11801017954398         2.57601202412835
         1.12334908670985         2.59933974374812
         1.12868799387572         2.62286520489012
         1.13402690104159         2.64658877267898
         1.13936580820746         2.67051076573284
         1.14470471537333         2.69463144273989
          1.1500436225392         2.71895098388185
         1.15538252970507         2.74346946530907
         1.16072143687094         2.76818682244094
         1.16606034403681         2.79310279493773
         1.17139925120268         2.81821684084715
         1.17673815836855         2.84352799595274
         1.18207706553442         2.86903462885193
         1.18741597270029         2.89473397954348
         1.19275487986616         2.92062120028708
         1.19809378703203         2.94668705861042
          1.2034326941979         2.97291110543801
         1.20877160136377         2.99923140569943
         1.21411050852964         3.02373873785396
