            sqrt(s) [GeV]               sigma [mb]
        0.821408990806992         13714.8914028809
         0.82338236526791         24.1847620831443
        0.825355739728828         17.1659897597834
        0.827329114189746         14.0685636177541
        0.829302488650664         12.2292763960837
        0.831275863111581         10.9790204148506
        0.833249237572499         10.0598186597317
        0.835222612033417          9.3483378195795
        0.837195986494335          8.7772252659842
        0.839169360955253          8.3061826432125
        0.841142735416171         7.90943113155553
        0.843116109877089          7.5696135076952
        0.845089484338006         7.27455944690893
        0.847062858798924         7.01544997278034
        0.849036233259842         6.78571790655342
         0.85100960772076         6.58035923105131
        0.852982982181678         6.39548542482326
        0.854956356642596         6.22802307635948
        0.856929731103513         6.07550675941117
        0.858903105564431         5.93593275959269
        0.860876480025349         5.80765362120185
        0.862849854486267         5.68930068258544
        0.864823228947185         5.57972624313613
        0.866796603408103         5.47795972149601
         0.86876997786902         5.38317400024609
        0.870743352329938         5.29465924611785
        0.872716726790856         5.21180234099322
        0.874690101251774         5.13407054463047
        0.876663475712692         5.06099840434618
         0.87863685017361         4.99217717494074
        0.880610224634528         4.92724619360652
        0.882583599095445         4.86588581318528
        0.884556973556363         4.80781155840644
        0.886530348017281         4.75276927095011
        0.888503722478199         4.70053105644761
        0.890477096939117         4.65089187583915
        0.892450471400035         4.60366667330706
        0.894423845860952         4.55868794062461
         0.89639722032187         4.51580364547981
        0.898370594782788         4.47487546223076
        0.900343969243706         4.43577725749343
        0.902317343704624         4.39839378435555
        0.904290718165542         4.36261955551299
        0.906264092626459         4.32835786645325
        0.908237467087377         4.29551994110513
        0.910210841548295         4.26402418354601
        0.912184216009213          4.2337955165101
        0.914157590470131         4.20476479488402
        0.916130964931049         4.17686827590982
        0.918104339391966         4.15004714561121
        0.920077713852884         4.12424708520114
        0.922051088313802         4.09941787537316
         0.92402446277472         4.07551303618559
        0.925997837235638         4.05248949017728
        0.927971211696556         4.03030725748763
        0.929944586157474         4.00892917163118
        0.931917960618391         3.98832062007453
        0.933891335079309         3.96844930677079
        0.935864709540227         3.94928503611071
        0.937838084001145         3.93079951591082
        0.939811458462063         3.91296618142343
        0.941784832922981         3.89576003609261
        0.943758207383898         3.87915751047659
        0.945731581844816         3.86313633626284
        0.947704956305734         3.84767543536441
        0.949678330766652         3.83275482202475
         0.95165170522757         3.81835551554003
        0.953625079688488         3.80445946463964
        0.955598454149405         3.79104948049691
        0.957571828610323         3.77810917740711
        0.959545203071241         3.76562291982977
        0.961518577532159         3.75357577530956
        0.963491951993077         3.74195347407146
        0.965465326453995         3.73074237023027
        0.967438700914912         3.71992940718385
         0.96941207537583         3.70950208697058
        0.971385449836748         3.69944844200852
        0.973358824297666          3.6897570082449
        0.975332198758584         3.68041679965319
        0.977305573219502         3.67141728628862
         0.97927894768042         3.66274837250814
        0.981252322141337         3.65440037542955
        0.983225696602255         3.64636401038999
        0.985199071063173         3.63863036315798
        0.987172445524091         3.63119088247954
        0.989145819985009         3.62403735863588
        0.991119194445927         3.61716190898091
        0.993092568906844         3.61055696262137
        0.995065943367762          3.6042152475007
         0.99703931782868         3.59812977328795
        0.999012692289598          3.5922938248632
         1.00098606675052         3.58670094385915
         1.00295944121143          3.5813449196348
         1.00493281567235         3.57621977856983
         1.00690619013327         3.57131977274504
         1.00887956459419         3.56663936980806
         1.01085293905511         3.56217324351459
         1.01282631351602         3.55791626444357
         1.01479968797694         3.55386349218376
         1.01677306243786         3.55001016473381
         1.01874643689878         3.54635169396022
         1.02071981135969         3.54288365500973
         1.02269318582061         3.53960178084208
         1.02466656028153         3.53650195517654
         1.02663993474245         3.53358020572849
         1.02861330920337         3.53083269829173
         1.03058668366428         3.52825573079808
          1.0325600581252         3.52584572773332
         1.03453343258612         3.52359923496969
         1.03650680704704         3.52151291431856
         1.03848018150795         3.51958353921112
         1.04045355596887         3.51780799050817
         1.04242693042979         3.51618325010398
         1.04440030489071         3.51470640003616
         1.04637367935163         3.51337461530232
         1.04834705381254         3.51218516196925
         1.05032042827346         3.51113539340556
         1.05229380273438         3.51022274634569
          1.0542671771953         3.50944473804463
         1.05624055165622          3.5087989625639
         1.05821392611713         3.50828308863295
         1.06018730057805         3.50789485629665
         1.06216067503897         3.50763207426968
         1.06413404949989         3.50749261733112
          1.0661074239608         3.50747442398265
         1.06808079842172         3.50757549397799
         1.07005417288264         3.50779388558064
         1.07202754734356         3.50812771535603
         1.07400092180448         3.50857515349127
         1.07597429626539         3.50913442251054
         1.07794767072631         3.50980379753231
         1.07992104518723         3.51058160140327
         1.08189441964815         3.51146620499296
         1.08386779410907         3.51245602481848
         1.08584116856998         3.51354952154205
          1.0878145430309         3.51474519825573
         1.08978791749182         3.51604159872041
         1.09176129195274         3.51743730921583
         1.09373466641365         3.51893095014827
         1.09570804087457         3.52052118195717
         1.09768141533549          3.5222067002377
         1.09965478979641          3.5239862352596
         1.10162816425733         3.52585855082173
         1.10360153871824         3.52782244322196
         1.10557491317916         3.52987674015932
         1.10754828764008         3.53202029971638
           1.109521662101         3.53425200929127
         1.11149503656191         3.53657078485725
         1.11346841102283         3.53897557004969
         1.11544178548375         3.54146533519693
         1.11741515994467         3.54403907601428
         1.11938853440559         3.54669581399507
          1.1213619088665          3.5494345945005
         1.12333528332742         3.55225448641671
         1.12530865778834          3.5551545814787
         1.12728203224926         3.55813399374231
         1.12925540671018         3.56119185845124
         1.13122878117109          3.5643273316427
         1.13320215563201         3.56753958986716
         1.13517553009293          3.5708278289947
         1.13714890455385         3.57419126369273
         1.13912227901476         3.57762912731518
         1.14109565347568         3.58114067103229
          1.1430690279366         3.58472516332947
         1.14504240239752          3.5883818895401
         1.14701577685844         3.59211015132773
         1.14898915131935         3.59590926608478
         1.15096252578027         3.59977856672484
         1.15293590024119         3.60371740104153
         1.15490927470211         3.60772513101256
         1.15688264916303         3.61180113327573
         1.15885602362394         3.61594479743784
         1.16082939808486         3.62015552661547
         1.16280277254578         3.62443273658763
          1.1647761470067         3.62877585533036
         1.16674952146761         3.63318432308224
         1.16872289592853         3.63765759153513
         1.17069627038945         3.64219512291537
         1.17266964485037         3.64679639100009
         1.17464301931129          3.6514608786725
          1.1766163937722         3.65618807963858
         1.17858976823312         3.66097749624565
         1.18056314269404         3.66582863940929
         1.18253651715496         3.67074102773103
         1.18450989161588         3.67571418780148
         1.18648326607679         3.68074765193422
         1.18845664053771          3.6858409576024
         1.19043001499863          3.6909936459443
         1.19240338945955         3.69620525991213
         1.19437676392046         3.70147534043408
         1.19635013838138         3.70680342438457
          1.1983235128423         3.71218903625788
         1.20029688730322         3.71763167982961
         1.20227026176414         3.72313081948007
         1.20424363622505         3.72868585023855
         1.20621701068597         3.73429603271104
         1.20819038514689         3.73996034306657
         1.21016375960781         3.74567703779361
         1.21213713406872          3.7514417945566
         1.21411050852964         3.75715152986945
