            sqrt(s) [GeV]               sigma [mb]
       0.0203158350223226     0.000603344186216957
       0.0262678725302872       0.0010999209834207
       0.0322199100382519      0.00183366591022481
       0.0381719475462165       0.0027761609322341
       0.0441239850541811      0.00392142992441079
       0.0500760225621458      0.00527120557399612
       0.0560280600701104      0.00683056109414861
        0.061980097578075      0.00860632994476694
       0.0679321350860397       0.0106064586246853
       0.0738841725940043       0.0128397196599093
       0.0798362101019689       0.0153155797879581
       0.0857882476099335       0.0180441412778164
       0.0917402851178982       0.0210361204947661
       0.0976923226258628        0.024302846845508
        0.103644360133827       0.0278562736981093
        0.109596397641792       0.0317089968817562
        0.115548435149757       0.0358742783560093
        0.121500472657721       0.0403660738407838
        0.127452510165686       0.0451990632420984
        0.133404547673651       0.0503886840881774
        0.139356585181615       0.0559511670561799
         0.14530862268958       0.0619035738372894
        0.151260660197544       0.0682638371250307
        0.157212697705509       0.0750508027012451
        0.163164735213474       0.0822842735964308
        0.169116772721438       0.0899850563108058
        0.175068810229403       0.0981750090837676
        0.181020847737368        0.106877092193835
        0.186972885245332        0.116115420256661
        0.192924922753297        0.125915316495807
        0.198876960261262        0.136303368883027
        0.204828997769226         0.14730748809011
        0.210781035277191         0.15895696711477
        0.216733072785155         0.17128254240788
         0.22268511029312         0.18431645637373
        0.228637147801085        0.198092520710192
        0.234589185309049        0.212646180722052
        0.240541222817014        0.228014579754511
        0.246493260324979        0.244236623523001
        0.252445297832943        0.261353043629476
        0.258397335340908        0.279406459747409
        0.264349372848873        0.298441439257604
        0.270301410356837        0.318504553916265
        0.276253447864802        0.339644431923662
        0.282205485372766        0.361911804266891
        0.288157522880731        0.385359543794535
        0.294109560388696        0.410042695140776
         0.30006159789666        0.436018493547338
        0.306013635404625        0.463346370067081
         0.31196567291259        0.492087940577627
        0.317917710420554        0.522306975411401
        0.323869747928519        0.554069346253769
        0.329821785436483        0.587442946249401
        0.335773822944448        0.622497579065163
        0.341725860452413         0.65930481192803
        0.347677897960377        0.697937787282207
        0.353629935468342        0.738470987127609
        0.359581972976307        0.780979943591516
        0.365534010484271        0.825540888606535
        0.371486047992236        0.872230335393069
        0.377438085500201        0.921124583621556
        0.383390123008165         0.97229914022972
         0.38934216051613         1.02582804708152
        0.395294198024094         1.08178310732594
        0.401246235532059         1.14023300198296
        0.407198273040024         1.20124228901397
        0.413150310547988          1.2648702782467
        0.419102348055953          1.3311697764394
        0.425054385563918         1.40018569914639
        0.431006423071882         1.47195354876732
        0.436958460579847         1.54649776080241
        0.442910498087812         1.62382992545363
        0.448862535595776         1.70394689612635
        0.454814573103741         1.78682880270377
        0.460766610611705         1.87243699442001
         0.46671864811967         1.96071194473434
        0.472670685627635         2.05157115940553
        0.478622723135599         2.14490713754203
        0.484574760643564         2.24058544475526
        0.490526798151529         2.33844296541496
        0.496478835659493         2.43828641500526
        0.502430873167458         2.53989117734459
        0.508382910675423         2.64300058053573
        0.514334948183387         2.74732566899877
        0.520286985691352         2.85254557121768
        0.526239023199316         2.95830853191147
        0.532191060707281         3.06423367011909
        0.538143098215246         3.16991350529367
         0.54409513572321         3.27491726916871
        0.550047173231175         3.37879499250966
        0.555999210739139         3.48108232328371
        0.561951248247104         3.58130599869425
        0.567903285755069         3.67898985925199
        0.573855323263033         3.77366126130548
        0.579807360770998         3.86485771782477
        0.585759398278963         3.95213357728396
        0.591711435786927          4.0350665401655
        0.597663473294892         4.11326381222687
        0.603615510802857         4.18636770435063
        0.609567548310821         4.25406050972592
        0.615519585818786         4.31606851929157
         0.62147162332675          4.3721650733649
        0.627423660834715         4.42217258884437
         0.63337569834268         4.46596354428795
        0.639327735850644           4.503460446384
        0.645279773358609         4.53463483878724
        0.651231810866574         4.55950544522159
        0.657183848374538         4.57813556256653
        0.663135885882503         4.59062983490869
        0.669087923390468         4.59713054722545
        0.675039960898432         4.59781357725412
        0.680991998406397         4.59288413810031
        0.686944035914361         4.58257243317111
        0.692896073422326         4.56712933062909
        0.698848110930291         4.54682214843613
        0.704800148438255         4.52193062402116
         0.71075218594622         4.49274312603911
        0.716704223454185         4.45955315013054
        0.722656260962149         4.42265612661314
        0.728608298470114         4.38234655590765
        0.734560335978078         4.33891547728931
        0.740512373486043         4.29264826820532
        0.746464410994008         4.24382276484991
        0.752416448501972         4.19270768961693
        0.758368486009937         4.13956136738298
        0.764320523517902         4.08463071002817
        0.770272561025866         4.02815044696493
        0.776224598533831         3.97034257865111
        0.782176636041796         3.91141602980635
         0.78812867354976         3.85156647934794
        0.794080711057725         3.79097634472943
        0.800032748565689         3.72981489930612
        0.805984786073654         3.66823850256457
        0.811936823581619         3.60639092438363
        0.817888861089583         3.54440374596313
        0.823840898597548         3.48239682155732
        0.829792936105513         3.42047878671937
        0.835744973613477            3.35874760027
        0.841697011121442         3.29729110872289
        0.847649048629406         3.23618762332271
        0.853601086137371          3.1755065012242
        0.859553123645336         3.11530872361285
          0.8655051611533         3.05564746474609
        0.871457198661265         2.99656864696484
         0.87740923616923         2.93811147769398
        0.883361273677194         2.88030896531633
        0.889313311185159         2.82318841155103
        0.895265348693124         2.76677187866574
        0.901217386201088         2.71107663034624
        0.907169423709053         2.65611554561859
        0.913121461217017         2.60189750554581
        0.919073498724982         2.54842775278503
        0.925025536232947          2.4957082243417
        0.930977573740911         2.44373785805931
        0.936929611248876         2.39251287353603
        0.942881648756841         2.34202702825475
        0.948833686264805         2.29227184979065
         0.95478572377277         2.24323684495368
        0.960737761280735         2.19490968676109
        0.966689798788699         2.14727638005264
        0.972641836296664         2.10032140652233
        0.978593873804628         2.05402784984731
        0.984545911312593          2.0083775014647
        0.990497948820558         1.96335094743046
        0.996449986328522          1.9189276365833
         1.00240202383649         1.87508593007736
         1.00835406134445         1.83180313207575
         1.01430609885242         1.78905550111549
         1.02025813636038         1.74681824131939
         1.02621017386835         1.70506547220878
         1.03216221137631         1.66377017535191
         1.03811424888427         1.62290411547382
         1.04406628639224         1.58243773284886
          1.0500183239002         1.54234000280969
         1.05597036140817         1.50257825692728
         1.06192239891613         1.46311795875757
          1.0678744364241         1.42392242487414
         1.07382647393206          1.3849524790123
         1.07977851144003         1.34616602324372
         1.08573054894799           1.307517504756
         1.09168258645596          1.2689572494353
         1.09763462396392         1.23043062299969
         1.10358666147189         1.19187696551617
         1.10953869897985         1.15322822335861
         1.11549073648782         1.11440717020952
         1.12144277399578         1.07532505934384
         1.12739481150374         1.03587847231135
         1.13334684901171        0.995945005272798
         1.13929888651967        0.955377228789846
         1.14525092402764        0.913994003185569
          1.1512029615356        0.871567596035821
         1.15715499904357        0.827803846760406
         1.16310703655153        0.782310209188347
          1.1690590740595        0.734541278083862
         1.17501111156746        0.683698988398723
         1.18096314907543        0.628531339779803
         1.18691518658339        0.566867692527656
         1.19286722409136        0.494297425153542
         1.19881926159932        0.398663240248287
         1.20477129910728       0.0261254998830112
