            sqrt(s) [GeV]               sigma [mb]
       0.0254109146410352     0.000230628298334772
       0.0313378345994797      0.00024349281803325
       0.0372647545579242     0.000313365640172768
       0.0431916745163687     0.000420366388791789
       0.0491185944748132     0.000557335476865745
       0.0550455144332577     0.000721013251312436
       0.0609724343917022     0.000909850388070035
       0.0668993543501467      0.00112313901680927
       0.0728262743085912      0.00136062222683179
       0.0787531942670357      0.00162230237234926
       0.0846801142254802      0.00190834027385329
       0.0906070341839247      0.00221899910066704
       0.0965339541423692      0.00255461182305997
        0.102460874100814      0.00291556131817876
        0.108387794059258       0.0033022680257812
        0.114314714017703      0.00371518194337715
        0.120241633976147      0.00415477733529365
        0.126168553934592      0.00462154915410277
        0.132095473893036      0.00511601057752299
        0.138022393851481      0.00563869127309972
        0.143949313809925      0.00619013616886971
         0.14987623376837      0.00677090455657143
        0.155803153726814      0.00738156944856283
        0.161730073685259      0.00802271708416144
        0.167656993643703      0.00869494658066431
        0.173583913602148      0.00939886964977982
        0.179510833560592       0.0101351103961136
        0.185437753519037       0.0109043051497654
        0.191364673477481       0.0117071023429028
        0.197291593435926       0.0125441624358343
         0.20321851339437       0.0134161576690395
        0.209145433352815       0.0143237723643515
        0.215072353311259        0.015267702426765
        0.220999273269704       0.0162486555488442
        0.226926193228148       0.0172673512088828
        0.232853113186593       0.0183245203222097
        0.238780033145037       0.0194209056250693
        0.244706953103482        0.020557261229411
        0.250633873061926       0.0217343528112297
        0.256560793020371       0.0229529575742548
        0.262487712978815       0.0242138640410428
         0.26841463293726       0.0255178721198596
        0.274341552895704       0.0268657931470491
        0.280268472854149       0.0282584495248054
        0.286195392812593       0.0296966749839269
        0.292122312771038       0.0311813143601322
        0.298049232729482       0.0327132234769163
        0.303976152687927       0.0342932695489578
        0.309903072646372       0.0359223300491136
        0.315829992604816       0.0376012940599357
        0.321756912563261       0.0393310608748931
        0.327683832521705       0.0411125408335078
         0.33361075248015       0.0429466547829175
        0.339537672438594       0.0448343340492006
        0.345464592397039       0.0467765204813723
        0.351391512355483       0.0487741663259878
        0.357318432313928       0.0508282339574222
        0.363245352272372       0.0529396960104834
        0.369172272230817       0.0551095349712305
        0.375099192189261       0.0573387437085543
        0.381026112147706       0.0596283244445383
         0.38695303210615       0.0619792893735003
        0.392879952064595       0.0643926603218116
        0.398806872023039       0.0668694683468208
        0.404733791981484       0.0694107541246741
        0.410660711939928       0.0720175678715087
        0.416587631898373       0.0746909683199624
        0.422514551856817       0.0774320236493099
        0.428441471815262       0.0802418106460766
        0.434368391773706       0.0831214151833733
        0.440295311732151        0.086071931478871
        0.446222231690595       0.0890944625459422
         0.45214915164904       0.0921901195882677
        0.458076071607484       0.0953600220350761
        0.464002991565929       0.0986052976852785
        0.469929911524373        0.101927082159446
        0.475856831482818        0.105326518908413
        0.481783751441262        0.108804759329928
        0.487710671399707        0.112362962333446
        0.493637591358151        0.116002294337131
        0.499564511316596        0.119723929190901
         0.50549143127504        0.123529048192045
        0.511418351233485        0.127418839310422
        0.517345271191929        0.131394497982336
        0.523272191150374        0.135457226406498
        0.529199111108818        0.139608233572948
        0.535126031067263        0.143848735285915
        0.541052951025707        0.148179953862858
        0.546979870984152        0.152603118083125
        0.552906790942596         0.15711946335136
        0.558833710901041        0.161730231108498
        0.564760630859485        0.166436669201795
         0.57068755081793         0.17124003160873
        0.576614470776374        0.176141578318294
        0.582541390734819        0.181142575328303
        0.588468310693263        0.186244294572489
        0.594395230651708        0.191448013916458
        0.600322150610152        0.196755016835658
        0.606249070568597        0.202166592727736
        0.612175990527041        0.207684036668731
        0.618102910485486        0.213308649561087
         0.62402983044393        0.219041737676727
        0.629956750402375        0.224884613007092
        0.635883670360819        0.230838593216391
        0.641810590319264        0.236905001482175
        0.647737510277708        0.243085166574669
        0.653664430236153        0.249380422883929
        0.659591350194597         0.25579211037959
        0.665518270153042         0.26232157472956
        0.671445190111486        0.268970167082155
        0.677372110069931        0.275739244377655
        0.683299030028375        0.282630169267308
         0.68922594998682        0.289644310040464
        0.695152869945264        0.296783041071055
        0.701079789903709        0.304047742517913
        0.707006709862154        0.311439800340195
        0.712933629820598        0.318960606739583
        0.718860549779042        0.326611560011369
        0.724787469737487        0.334394064670517
        0.730714389695931        0.342309531580279
        0.736641309654376        0.350359378077486
        0.742568229612821         0.35854502805961
        0.748495149571265        0.366867912159548
         0.75442206952971        0.375329467848936
        0.760348989488154        0.383931139600585
        0.766275909446599        0.392674378994842
        0.772202829405043        0.401560645040767
        0.778129749363488        0.410591404373978
        0.784056669321932        0.419768130269636
        0.789983589280377        0.429092305487699
        0.795910509238821        0.438565419715525
        0.801837429197266        0.448188971130699
         0.80776434915571         0.45796446631244
        0.813691269114155        0.467893420612487
        0.819618189072599        0.477977358219021
        0.825545109031044         0.48821781229238
        0.831472028989488        0.498616325329245
        0.837398948947933         0.50917444956676
        0.843325868906377        0.519893746950275
        0.849252788864822         0.53077578904629
        0.855179708823266        0.541822158529609
        0.861106628781711        0.553034448046097
        0.867033548740155        0.564414261172358
          0.8729604686986        0.575963212576823
        0.878887388657044        0.587682928278065
        0.884814308615489        0.599575045848504
        0.890741228573933        0.611641214816389
        0.896668148532378        0.623883096798718
        0.902595068490822        0.636302365885509
        0.908521988449267        0.648900708864064
        0.914448908407711        0.661679825555723
        0.920375828366156        0.674641428969954
          0.9263027483246        0.687787245801032
        0.932229668283045        0.701119016519588
        0.938156588241489        0.714638495739866
        0.944083508199934        0.728347452509389
        0.950010428158378        0.742247670547427
        0.955937348116823        0.756340947940329
        0.961864268075267        0.770629100709037
        0.967791188033712         0.78511395613832
        0.973718107992156        0.799797360527132
        0.979645027950601        0.814681175223714
        0.985571947909045        0.829767278100027
         0.99149886786749        0.845057563531275
        0.997425787825934        0.860553942888101
         1.00335270778438        0.876258344707452
         1.00927962774282        0.892172714906695
         1.01520654770127        0.908299017068703
         1.02113346765971        0.924639232718962
         1.02706038761816        0.941195361491822
          1.0329873075766        0.957969421430305
         1.03891422753505        0.974963449086613
         1.04484114749349         0.99217950002567
         1.05076806745193         1.00961964871359
         1.05669498741038         1.02728598888919
         1.06262190736882         1.04518063367877
         1.06854882732727         1.06330571589961
         1.07447574728571         1.08166338810382
         1.08040266724416         1.10025582281639
          1.0863295872026         1.11908521270187
         1.09225650716105         1.13815377067406
         1.09818342711949         1.15746373004371
         1.10411034707794         1.17701734463196
         1.11003726703638         1.19681688888519
         1.11596418699482         1.21686465805233
         1.12189110695327         1.23716296804147
         1.12781802691171         1.25771415584958
         1.13374494687016          1.2785205793023
          1.1396718668286         1.29958461726227
         1.14559878678705         1.32090866961739
         1.15152570674549         1.34249515731847
         1.15745262670394         1.36434652235879
         1.16337954666238         1.38646522778867
         1.16930646662082         1.40885375765192
         1.17523338657927         1.43151461700624
         1.18116030653771         1.45445033171848
         1.18708722649616          1.4776634486167
          1.1930141464546         1.50115653516947
         1.19894106641305         1.52493217951499
         1.20486798637149         1.54899299019516
