            sqrt(s) [GeV]               sigma [mb]
        0.411907931979531        0.376611634993037
        0.415900864759427         0.43782336921764
        0.419893797539323        0.508584349226122
        0.423886730319219        0.589276159767068
        0.427879663099116        0.680869416164383
        0.431872595879012        0.784473644104908
        0.435865528658908        0.901328644840378
        0.439858461438804         1.03281043439817
          0.4438513942187         1.18043965747803
        0.447844326998597         1.34588969430468
        0.451837259778493         1.53099289181972
        0.455830192558389         1.73774333046631
        0.459823125338285         1.96829415628854
        0.463816058118181         2.22494693530676
        0.467808990898078         2.51012976987485
        0.471801923677974         2.82636009097697
         0.47579485645787         3.17618717238246
        0.479787789237766         3.56210862633209
        0.483780722017662         3.98645465299403
        0.487773654797559         4.45123396914904
        0.491766587577455         4.95793662858661
        0.495759520357351         5.50729200645868
        0.499752453137247         6.09898576601079
        0.503745385917143         6.73134826276733
         0.50773831869704            7.40103871131
        0.511731251476936         8.10276371353503
        0.515724184256832         8.82908303254906
        0.519717117036728         9.57036546613433
        0.523710049816625         10.3149573683281
        0.527702982596521         11.0496096867265
        0.531695915376417         11.7601729419887
        0.535688848156313         12.4325161483927
        0.539681780936209         13.0535664085425
        0.543674713716106         13.6123189243499
        0.547667646496002         14.1006514468133
        0.551660579275898          14.513803742554
        0.555653512055794         14.8504476237625
         0.55964644483569         15.1123576643367
        0.563639377615587         15.3037708313588
        0.567632310395483         15.4305728075863
        0.571625243175379         15.4994600633475
        0.575618175955275          15.517203910932
        0.579611108735171         15.4900991015058
        0.583604041515068         15.4236303276498
        0.587596974294964         15.3223472506183
         0.59158990707486         15.1899088606223
        0.595582839854756         15.0292426338418
        0.599575772634652         14.8427613683835
        0.603568705414549         14.6325874947484
        0.607561638194445         14.4007473597781
        0.611554570974341         14.1493129735689
        0.615547503754237         13.8804830566537
        0.619540436534133         13.5966068377344
         0.62353336931403         13.3001618063918
        0.627526302093926          12.993700350119
        0.631519234873822         12.6797804890419
        0.635512167653718         12.3608937893352
        0.639505100433615         12.0394001269417
        0.643498033213511         11.7174752645533
        0.647490965993407         11.3970738902703
        0.651483898773303         11.0799082076663
        0.655476831553199         10.7674404687571
        0.659469764333096         10.4608869202211
        0.663462697112992         10.1612303230738
        0.667455629892888          9.8692383110033
        0.671448562672784         9.58548520142701
         0.67544149545268         9.31037532932198
        0.679434428232577         9.04416644618128
        0.683427361012473         8.78699215720328
        0.687420293792369         8.53888273404913
        0.691413226572265         8.29978392787434
        0.695406159352161         8.06957362311461
        0.699399092132058         7.84807632467166
        0.703392024911954         7.63507557267258
         0.70738495769185         7.43032444070418
        0.711377890471746         7.23355430575128
        0.715370823251642         7.04448209022166
        0.719363756031539         6.86281617429468
        0.723356688811435         6.68826116629437
        0.727349621591331         6.52052170320151
        0.731342554371227          6.3593054354643
        0.735335487151124         6.20432533170526
         0.73932841993102         6.05530142100397
        0.743321352710916         5.91196207363902
        0.747314285490812         5.77404486451102
        0.751307218270708         5.64129734010546
        0.755300151050605         5.51347712805068
        0.759293083830501         5.39035226728644
        0.763286016610397         5.27170118000828
        0.767278949390293         5.15731256733612
        0.771271882170189         5.04698521531242
        0.775264814950086         4.94052773395865
        0.779257747729982         4.83775824764431
        0.783250680509878         4.73850405157654
        0.787243613289774         4.64260124617202
         0.79123654606967         4.54989435865377
        0.795229478849567         4.46023595922238
        0.799222411629463         4.37348627751526
        0.803215344409359         4.28951282374646
        0.807208277189255         4.20819001783863
        0.811201209969151         4.12939882900144
        0.815194142749048         4.05302642750569
        0.819187075528944         3.97896584985431
         0.82318000830884         3.90711567810298
        0.827172941088736         3.83737973374706
        0.831165873868632         3.76966678630494
        0.835158806648529         3.70389027653167
        0.839151739428425         3.63996805402908
        0.843144672208321          3.5778221289031
        0.847137604988217         3.51737843702867
        0.851130537768114         3.45856661842539
         0.85512347054801         3.40131980820175
        0.859116403327906          3.3455744395052
        0.863109336107802         3.29127005790128
        0.867102268887698         3.23834914660313
        0.871095201667595         3.18675696198747
        0.875088134447491         3.13644137881235
        0.879081067227387         3.08735274462545
        0.883074000007283         3.03944374281029
        0.887066932787179         2.99266926377555
        0.891059865567076         2.94698628380194
        0.895052798346972         2.90235375108622
        0.899045731126868         2.85873247854412
        0.903038663906764         2.81608504296014
         0.90703159668666         2.77437569008789
        0.911024529466557         2.73357024533672
        0.915017462246453          2.6936360420549
        0.919010395026349          2.6545417918387
        0.923003327806245         2.61625758733616
        0.926996260586141          2.5787547793442
        0.930989193366038         2.54200592400989
        0.934982126145934         2.50598472039631
         0.93897505892583         2.47066595159174
        0.942967991705726         2.43602542914387
        0.946960924485623         2.40203994060835
        0.950953857265519         2.36868720001123
        0.954946790045415         2.33594580105668
        0.958939722825311         2.30379517288395
        0.962932655605207         2.27221553823547
        0.966925588385104         2.24118787387307
           0.970918521165         2.21069387310373
        0.974911453944896         2.18071591028323
        0.978904386724792         2.15123700717392
        0.982897319504688         2.12224080103695
        0.986890252284585         2.09371151435422
        0.990883185064481         2.06563392607432
        0.994876117844377         2.03799334428593
        0.998869050624273         2.01077558023029
         1.00286198340417         1.98396692356338
         1.00685491618407         1.95755411878902
         1.01084784896396         1.93152434279227
         1.01484078174386         1.90586518338705
         1.01883371452375         1.88056461882431
         1.02282664730365         1.85561099818797
         1.02681958008355         1.83099302261898
         1.03081251286344         1.80669972730873
         1.03480544564334         1.78272046420405
         1.03879837842324         1.75904488537486
         1.04279131120313         1.73566292698311
         1.04678424398303         1.71256479381197
         1.05077717676292         1.68974094430247
         1.05477010954282          1.6671820760486
         1.05876304232272         1.64487911170653
         1.06275597510261         1.62282318527159
         1.06674890788251         1.60100562867291
          1.0707418406624         1.57941795864643
          1.0747347734423         1.55805186383711
          1.0787277062222         1.53689919207948
         1.08272063900209         1.51595193781442
         1.08671357178199          1.4952022295894
         1.09070650456189         1.47464231759101
         1.09469943734178         1.45426456115622
         1.09869237012168         1.43406141620142
         1.10268530290157         1.41402546338312
         1.10667823568147         1.39414923286557
         1.11067116846137          1.3744254328993
         1.11466410124126           1.354846776237
         1.11865703402116         1.33540600587704
         1.12264996680106         1.31609588054874
         1.12664289958095         1.29690915956091
         1.13063583236085         1.27783858689654
         1.13462876514074         1.25887687442285
         1.13862169792064         1.24001668406501
         1.14261463070054         1.22125060878146
         1.14660756348043         1.20257115213779
         1.15060049626033         1.18397070626464
         1.15459342904023         1.16544152793985
         1.15858636182012         1.14697571249845
         1.16257929460002         1.12856516522129
         1.16657222737991         1.11020156980258
         1.17056516015981         1.09187635340927
         1.17455809293971         1.07358064777934
          1.1785510257196         1.05530524567481
          1.1825439584995         1.03704055189884
         1.18653689127939         1.01877652790944
         1.19052982405929         1.00050262886682
         1.19452275683919         0.98220773170292
         1.19851568961908        0.963880052487966
         1.20250862239898        0.945507050963013
         1.20650155517888         0.92707531962513
