       0.0603194438540206       0.0156265852924579
       0.0660771817032783       0.0141076791607063
        0.071834919552536       0.0154959807289136
       0.0775926574017937       0.0181191745984294
       0.0833503952510514       0.0215697895163275
        0.089108133100309        0.025616455252108
       0.0948658709495667       0.0301112774149036
        0.100623608798824       0.0349539421030934
        0.106381346648082       0.0400737141029383
         0.11213908449734       0.0454192195070982
        0.117896822346597       0.0509522494923721
        0.123654560195855       0.0566438176993959
        0.129412298045113       0.0624715602169882
        0.135170035894371       0.0684179708410012
        0.140927773743628       0.0744691738880479
        0.146685511592886       0.0806140527145439
        0.152443249442144       0.0868436192162524
        0.158200987291401       0.0931505500008004
        0.163958725140659       0.0995288399689364
        0.169716462989917        0.105973539922611
        0.175474200839174        0.112480555356997
        0.181231938688432        0.119046490238709
         0.18698967653769        0.125668524325694
        0.192747414386947        0.132344316034772
        0.198505152236205        0.139071924630448
        0.204262890085463        0.145849747296587
        0.210020627934721        0.152676468119551
        0.215778365783978         0.15955101593112
        0.221536103633236         0.16647252971874
        0.227293841482494        0.173440329692236
        0.233051579331751        0.180453893136881
        0.238809317181009        0.187512834037842
        0.244567055030267        0.194616885890592
        0.250324792879524        0.201765886976401
        0.256082530728782        0.208959768145971
         0.26184026857804        0.216198541328498
        0.267598006427297        0.223482290933437
        0.273355744276555        0.230811165657326
        0.279113482125813        0.238185372311809
         0.28487121997507        0.245605170367029
        0.290628957824328        0.253070859320132
        0.296386695673586        0.260582788765186
        0.302144433522844        0.268141339617718
        0.307902171372101        0.275746929898542
        0.313659909221359         0.28340000695447
        0.319417647070617         0.29110104888576
        0.325175384919874        0.298850557504945
        0.330933122769132        0.306649058233081
         0.33669086061839        0.314497098517612
        0.342448598467647        0.322395253415393
        0.348206336316905        0.330344097542823
        0.353964074166163        0.338344250756047
         0.35972181201542        0.346396330431387
        0.365479549864678        0.354500961378998
        0.371237287713936        0.362658814159819
        0.376995025563194        0.370870547185718
        0.382752763412451         0.37913684848196
        0.388510501261709        0.387458389244148
        0.394268239110967        0.395835893032826
        0.400025976960224        0.404270081837888
        0.405783714809482        0.412761658941341
         0.41154145265874        0.421311405488707
        0.417299190507997        0.429920009125367
        0.423056928357255        0.438588284700628
        0.428814666206513        0.447316988935996
         0.43457240405577        0.456106918293773
        0.440330141905028        0.464958819625679
        0.446087879754286        0.473873545110788
        0.451845617603544         0.48285187535451
        0.457603355452801         0.49189465160244
        0.463361093302059        0.501002702451656
        0.469118831151317        0.510176867967992
        0.474876569000574        0.519418009882223
        0.480634306849832        0.528726969270247
         0.48639204469909        0.538104638595367
        0.492149782548347        0.547551894567236
        0.497907520397605        0.557069630230481
        0.503665258246863        0.566658771442241
         0.50942299609612        0.576320161510999
        0.515180733945378        0.586054799217817
        0.520938471794636        0.595863578504453
        0.526696209643893        0.605747458796622
        0.532453947493151        0.615707388697178
        0.538211685342409        0.625744334374627
        0.543969423191667        0.635859269362998
        0.549727161040924        0.646053195080975
        0.555484898890182        0.656327063639067
         0.56124263673944        0.666681926056284
        0.567000374588697        0.677118790796053
        0.572758112437955        0.687638671804943
        0.578515850287213        0.698242623639785
         0.58427358813647        0.708931691965333
        0.590031325985728         0.71970693779402
        0.595789063834986        0.730569434649605
        0.601546801684243        0.741520266612375
        0.607304539533501        0.752560528525612
        0.613062277382759        0.763691326986184
        0.618820015232016        0.774913779538692
        0.624577753081274        0.786229015730398
        0.630335490930532        0.797638179628023
         0.63609322877979        0.809142411331524
        0.641850966629047        0.820742886507576
        0.647608704478305        0.832440775433479
        0.653366442327563        0.844237264852997
         0.65912418017682        0.856133552955516
        0.664881918026078         0.86813084905608
        0.670639655875336        0.880230373173355
        0.676397393724593        0.892433358917323
        0.682155131573851        0.904741050485947
        0.687912869423109        0.917154703081225
        0.693670607272366        0.929675584283177
        0.699428345121624        0.942304972754678
        0.705186082970882        0.955044158783034
         0.71094382082014          0.9678944443526
        0.716701558669397         0.98085714515099
        0.722459296518655        0.993933577353275
        0.728217034367913         1.00712508582691
         0.73397477221717         1.02043301479386
        0.739732510066428         1.03385872313696
        0.745490247915686         1.04740358075938
        0.751247985764943         1.06106896821883
        0.757005723614201         1.07485627802212
        0.762763461463459         1.08876691307916
        0.768521199312716         1.10280228751077
        0.774278937161974         1.11696382639861
        0.780036675011232         1.13125296417727
        0.785794412860489         1.14567114817677
        0.791552150709747         1.16021983470284
        0.797309888559005         1.17490049077691
        0.803067626408263         1.18971459379381
         0.80882536425752         1.20466363134754
        0.814583102106778         1.21974910086756
        0.820340839956036         1.23497251459171
        0.826098577805293         1.25033537497425
        0.831856315654551         1.26583922307771
        0.837614053503809         1.28148559272496
        0.843371791353066         1.29727602218208
        0.849129529202324         1.31321207220564
        0.854887267051582         1.32929530383258
         0.86064500490084         1.34552728860401
        0.866402742750097         1.36190960645604
        0.872160480599355         1.37844384661766
        0.877918218448613         1.39513160454197
         0.88367595629787         1.41197448476813
        0.889433694147128         1.42897409869339
        0.895191431996386         1.44613206546675
        0.900949169845643         1.46345001100028
        0.906706907694901         1.48092956809147
        0.912464645544159         1.49857237579578
        0.918222383393416         1.51638007962202
        0.923980121242674         1.53435433101551
        0.929737859091932         1.55249678705907
        0.935495596941189         1.57080910976062
        0.941253334790447         1.58929296615762
        0.947011072639705         1.60795002892497
        0.952768810488962         1.62678197355723
         0.95852654833822         1.64579048083916
        0.964284286187478         1.66497723436484
        0.970042024036736         1.68434392130262
        0.975799761885993         1.70389223168795
        0.981557499735251         1.72362385795565
        0.987315237584509         1.74354049754918
        0.993072975433766         1.76364383791395
        0.998830713283024         1.78393558535402
         1.00458845113228         1.80441743512273
         1.01034618898154         1.82509108732613
          1.0161039268308         1.84595823657725
         1.02186166468005         1.86702058476869
         1.02761940252931         1.88827982777368
         1.03337714037857         1.90973766095435
         1.03913487822783         1.93139577787902
         1.04489261607709         1.95325586951345
         1.05065035392634          1.9753196239937
          1.0564080917756         1.99758872521602
         1.06216582962486          2.0200648537438
         1.06792356747412          2.0427496850203
         1.07368130532337         2.06564488923282
         1.07943904317263         2.08875213080994
         1.08519678102189         2.11207306770071
         1.09095451887115         2.13560935082254
          1.0967122567204         2.15936262313765
         1.10246999456966         2.18333451961498
         1.10822773241892         2.20752666615884
         1.11398547026818         2.23194067889768
         1.11974320811744          2.2565781637521
         1.12550094596669         2.28144071559883
         1.13125868381595          2.3065299174342
         1.13701642166521         2.33184734013387
         1.14277415951447         2.35739454117081
         1.14853189736372         2.38317306420592
         1.15428963521298         2.40918443815532
         1.16004737306224         2.43543017646072
          1.1658051109115         2.46191177651665
         1.17156284876075         2.48863071853997
         1.17732058661001         2.51558846487906
         1.18307832445927         2.54278645937677
         1.18883606230853         2.57022612631939
         1.19459380015779          2.5979088693136
         1.20035153800704         2.62583607115098
          1.2061092758563         2.65400909255197
