            sqrt(s) [GeV]               sigma [mb]
        0.257339449615693     0.000460775514112531
         0.26210041368349     0.000676739334149753
        0.266861377751286     0.000961607780764561
        0.271622341819083      0.00130087952822292
         0.27638330588688      0.00168587851260123
        0.281144269954677      0.00210950027983517
        0.285905234022474      0.00256579470165274
        0.290666198090271      0.00304971011434472
        0.295427162158068      0.00355690479946273
        0.300188126225865      0.00408361113083811
        0.304949090293662       0.0046265652407506
        0.309710054361459      0.00518305229765966
        0.314471018429256      0.00575121763631342
        0.319231982497053      0.00633111115737132
         0.32399294656485      0.00692830466373076
        0.328753910632647      0.00757505475434311
        0.333514874700444      0.00829104771465699
        0.338275838768241      0.00905167602429083
        0.343036802836038      0.00984860349000089
        0.347797766903835       0.0106774692723069
        0.352558730971631       0.0115355897026376
        0.357319695039428        0.012421172325722
        0.362080659107225       0.0133330032890773
        0.366841623175022       0.0142702476937433
        0.371602587242819       0.0152322744344028
        0.376363551310616       0.0162186840682369
        0.381124515378413       0.0172291436337342
         0.38588547944621       0.0182632765987442
        0.390646443514007       0.0193203221811252
        0.395407407581804       0.0204000041223819
        0.400168371649601       0.0215042829134547
        0.404929335717398         0.02263411485501
        0.409690299785195       0.0237902264368966
        0.414451263852992       0.0249732177416174
        0.419212227920789       0.0261835956292897
        0.423973191988586       0.0274219231590932
        0.428734156056383       0.0286894625661474
         0.43349512012418       0.0299842683788379
        0.438256084191976       0.0313092634853124
        0.443017048259773       0.0326640772342872
         0.44777801232757       0.0340492702840901
        0.452538976395367       0.0354653183930954
        0.457299940463164       0.0369127415932313
        0.462060904530961       0.0383920037355722
        0.466821868598758       0.0399036598885365
        0.471582832666555       0.0414482390328762
        0.476343796734352        0.043026330058047
        0.481104760802149       0.0446384247478352
        0.485865724869946       0.0462851116640185
        0.490626688937743       0.0479668892965206
         0.49538765300554       0.0496844367469787
        0.500148617073337       0.0514383223094439
        0.504909581141134       0.0532290574134911
        0.509670545208931       0.0550573012520174
        0.514431509276728        0.056923624024511
        0.519192473344525       0.0588286482096353
        0.523953437412321       0.0607730108587896
        0.528714401480118       0.0627572993412307
        0.533475365547915       0.0647821229209088
        0.538236329615712       0.0668481280409195
        0.542997293683509       0.0689560993704553
        0.547758257751306       0.0711065358742638
        0.552519221819103       0.0733000967770938
          0.5572801858869       0.0755370888128519
        0.562041149954697       0.0778189157088415
        0.566802114022494        0.080145692806661
        0.571563078090291       0.0825181754100704
        0.576324042158088       0.0849374573625882
        0.581085006225885       0.0874036027678924
        0.585845970293682       0.0899174568580557
        0.590606934361479       0.0924796335013836
        0.595367898429276       0.0950912190307131
        0.600128862497073       0.0977527668388809
        0.604889826564869        0.100464733458231
        0.609650790632666        0.103230109505301
        0.614411754700463        0.106043582419428
         0.61917271876826        0.108911484063873
        0.623933682836057        0.111832984518799
        0.628694646903854        0.114808902267372
        0.633455610971651        0.117839294977554
        0.638216575039448        0.120925002864504
        0.642977539107245        0.124067366618231
        0.647738503175042        0.127266967209204
        0.652499467242839        0.130524363151897
        0.657260431310636        0.133840131341833
        0.662021395378433          0.1372152527088
         0.66678235944623        0.140650400157797
        0.671543323514027        0.144147413220713
        0.676304287581824        0.147705148462288
        0.681065251649621        0.151325182692738
        0.685826215717418         0.15500641688738
        0.690587179785215        0.158753835512647
        0.695348143853011        0.162565834249683
        0.700109107920808         0.16644302102716
        0.704870071988605        0.170386632718151
        0.709631036056402        0.174397200350962
        0.714392000124199        0.178474509709614
        0.719152964191996         0.18262133291973
        0.723913928259793         0.18683760125001
         0.72867489232759        0.191124007491558
        0.733435856395387        0.195481525155007
        0.738196820463184        0.199910827169896
        0.742957784530981         0.20441273912937
        0.747718748598778        0.208987346748066
        0.752479712666575        0.213636896773819
        0.757240676734372        0.218361738049363
        0.762001640802169        0.223162434190454
        0.766762604869966        0.228039920430745
        0.771523568937763        0.232994970910866
        0.776284533005559         0.23802818802576
        0.781045497073356        0.243140827540259
        0.785806461141153        0.248333984608186
         0.79056742520895        0.253608790449918
        0.795328389276747        0.258964661129829
        0.800089353344544        0.264403205238986
        0.804850317412341        0.269925282549771
        0.809611281480138        0.275531722833963
        0.814372245547935         0.28122349927567
        0.819133209615732         0.28700148640276
        0.823894173683529        0.292866549328856
        0.828655137751326        0.298819568428162
        0.833416101819123        0.304861430670723
         0.83817706588692        0.310993028194692
        0.842938029954717        0.317215257790141
        0.847698994022514        0.323529020847482
         0.85245995809031        0.329935223212983
        0.857220922158108        0.336434775270648
        0.861981886225905        0.343028591906413
        0.866742850293701        0.349717592612282
        0.871503814361498        0.356502701510213
        0.876264778429295         0.36338484742788
        0.881025742497092        0.370364963962379
        0.885786706564889        0.377443989538555
        0.890547670632686        0.384622867525929
        0.895308634700483        0.391902546253779
         0.90006959876828        0.399283979175693
        0.904830562836077        0.406768124876752
        0.909591526903874        0.414355947219432
        0.914352490971671        0.422048415406106
        0.919113455039468        0.429846504095944
        0.923874419107265        0.437751193480819
        0.928635383175062        0.445763469409884
        0.933396347242859        0.453884323472638
        0.938157311310656        0.462114753133629
        0.942918275378452          0.4704557618361
        0.947679239446249         0.47890835907448
        0.952440203514046        0.487473560576865
        0.957201167581843        0.496152388419316
         0.96196213164964        0.504945871078839
        0.966723095717437        0.513855043633158
        0.971484059785234        0.522880947875512
        0.976245023853031        0.532024632439444
        0.981005987920828        0.541287152939947
        0.985766951988625        0.550669572108503
        0.990527916056422         0.56017295993722
        0.995288880124219        0.569798393841356
         1.00004984419202        0.579546958814213
         1.00481080825981        0.589419747552947
         1.00957177232761        0.599417860647128
         1.01433273639541        0.609542406730399
          1.0190937004632        0.619794502651035
           1.023854664531        0.630175273651353
          1.0286156285988         0.64068585353283
         1.03337659266659         0.65132738482822
         1.03813755673439        0.662101019035576
         1.04289852080219        0.673007916737997
         1.04765948486999        0.684049247852152
         1.05242044893778         0.69522619177074
         1.05718141300558        0.706539937549917
         1.06194237707338        0.717991683959368
         1.06670334114117        0.729582639318148
         1.07146430520897        0.741314019091147
         1.07622526927677        0.753187051123699
         1.08098623334456        0.765203009903298
         1.08574719741236        0.777363137243878
         1.09050816148016        0.789668696400685
         1.09526912554795        0.802120964381346
         1.10003008961575        0.814721231478024
         1.10479105368355        0.827470801615432
         1.10955201775135         0.84037099292377
         1.11431298181914        0.853423138632216
         1.11907394588694        0.866628588187445
         1.12383490995474        0.879988708910245
         1.12859587402253        0.893504888496443
         1.13335683809033        0.907178539155729
         1.13811780215813         0.92101110570353
         1.14287876622592        0.935004086432509
         1.14763973029372        0.949159180442161
         1.15240069436152        0.963477766438943
         1.15716165842931         0.97796131036114
         1.16192262249711         0.99261033558888
         1.16668358656491         1.00742774463461
         1.17144455063271         1.02241321699497
          1.1762055147005         1.03756839805402
          1.1809664787683         1.05289544076394
          1.1857274428361         1.06839712946965
         1.19048840690389          1.0840728520824
         1.19524937097169         1.09992388959867
         1.20001033503949         1.11595255729617
         1.20477129910728         1.13216083584991
