        0.569872378253096         19.5564931951832
        0.573063310957209         19.7069265035588
        0.576254243661321         19.9405726789857
        0.579445176365434         20.1501601773939
        0.582636109069547         20.3228103430314
        0.585827041773659         20.4523572530545
        0.589017974477772         20.5352653935398
        0.592208907181884           20.56962561006
        0.595399839885997         20.5547894843348
        0.598590772590109         20.4911827665056
        0.601781705294222         20.3801699515263
        0.604972637998334         20.2239289751995
        0.608163570702447          20.025316771439
        0.611354503406559         19.7877391980318
        0.614545436110672         19.5150083954755
        0.617736368814784         19.2112075845818
        0.620927301518897         18.8805625184488
        0.624118234223009         18.5273250356117
        0.627309166927122         18.1556720011322
        0.630500099631235         17.7696215798575
        0.633691032335347         17.3729675006776
         0.63688196503946         16.9692308649511
        0.640072897743572         16.5616282002675
        0.643263830447685         16.1530538808531
        0.646454763151797         15.7460747120912
         0.64964569585591         15.3429343694393
        0.652836628560022         14.9455654364625
        0.656027561264135         14.5556069940928
        0.659218493968247         14.1744259019575
         0.66240942667236         13.8031402690039
        0.665600359376473         13.4426438645338
        0.668791292080585         13.0936304660139
        0.671982224784698         12.7566174550576
         0.67517315748881         12.4319681249739
        0.678364090192923         12.1199123683171
        0.681555022897035         11.8205655474712
        0.684745955601148         11.5339454824261
         0.68793688830526          11.259987518566
        0.691127821009373         10.9985577764398
        0.694318753713486         10.7494646570069
        0.697509686417598         10.5124692285096
        0.700700619121711         10.2872917431674
        0.703891551825823         10.0736216548206
        0.707082484529936         9.87112167848382
        0.710273417234048         9.67943324380674
        0.713464349938161         9.49818060207057
        0.716655282642273          9.3269742125902
        0.719846215346386          9.1654135173209
        0.723037148050498         9.01308923948228
        0.726228080754611         8.86958529094325
        0.729419013458723         8.73448039929373
        0.732609946162836         8.60734952807991
        0.735800878866949         8.48776517345268
        0.738991811571061         8.37529858646717
        0.742182744275174          8.2695209871999
        0.745373676979286          8.1700048005725
        0.748564609683399         8.07632494749789
        0.751755542387511         7.98806021505489
        0.754946475091624         7.90479470168568
        0.758137407795736         7.82611934798425
        0.761328340499849         7.75163353581907
        0.764519273203961         7.68094673672883
        0.767710205908074          7.6136801829709
        0.770901138612186         7.54946853146327
        0.774092071316299         7.48796147912074
        0.777283004020412         7.42882530161228
        0.780473936724524         7.37174426465944
        0.783664869428637         7.31642188171414
        0.786855802132749         7.26258198630384
        0.790046734836862         7.20996958229511
        0.793237667540974         7.15835145962492
        0.796428600245087         7.10751656403935
        0.799619532949199         7.05727610311736
        0.802810465653312         7.00746340295188
        0.806001398357424         6.95793351699189
        0.809192331061537         6.90856260461625
         0.81238326376565         6.85924710349278
        0.815574196469762         6.80990271367418
        0.818765129173875         6.76046323453358
        0.821956061877987         6.71087927280335
          0.8251469945821         6.66111686415878
        0.828337927286212         6.61115603284399
        0.831528859990325         6.56098932316759
        0.834719792694437         6.51062032798386
         0.83791072539855          6.4600622429608
        0.841101658102662         6.40933646162211
        0.844292590806775         6.35847123833933
        0.847483523510888         6.30750042312138
           0.850674456215         6.25646229029965
        0.853865388919113         6.20539845823594
        0.857056321623225         6.15435291145638
        0.860247254327338         6.10337112652915
         0.86343818703145          6.0524992958643
        0.866629119735563         6.00178385385744
        0.869820052439675         5.95127009341117
        0.873010985143788           5.901002880595
          0.8762019178479         5.85102544392012
        0.879392850552013         5.80137924499005
        0.882583783256125         5.75210371811578
        0.885774715960238         5.70323607242733
         0.88896564866435         5.65481114994684
        0.892156581368463         5.60686133177862
        0.895347514072576         5.55941648729731
        0.898538446776688         5.51250395900074
        0.901729379480801         5.46614857828442
        0.904920312184913         5.42037270622647
        0.908111244889026         5.37519629545484
        0.911302177593138         5.33063696853728
        0.914493110297251         5.28671010944718
        0.917684043001363         5.24342896350356
        0.920874975705476         5.20080474706784
        0.924065908409588         5.15884675822032
        0.927256841113701         5.11756249230978
        0.930447773817814         5.07695775766912
        0.933638706521926         5.03703678935916
        0.936829639226039         4.99780236425594
        0.940020571930151         4.95925590940505
        0.943211504634264         4.92139760972537
        0.946402437338376         4.88422651066004
        0.949593370042489         4.84774061628635
        0.952784302746601         4.81193698302175
        0.955975235450714         4.77681180820728
        0.959166168154826          4.7423605137655
        0.962357100858939         4.70857782478216
        0.965548033563052         4.67545784310108
        0.968738966267164         4.64299411620071
        0.971929898971277         4.61117970111012
        0.975120831675389         4.58000722403787
        0.978311764379502         4.54946893468022
        0.981502697083614         4.51955675824682
        0.984693629787727         4.49026234102803
        0.987884562491839         4.46157709408531
        0.991075495195952         4.43349223203621
        0.994266427900064         4.40599880990374
        0.997457360604177          4.3790877552025
         1.00064829330829         4.35274989776581
          1.0038392260124         4.32697599764003
         1.00703015871651         4.30175676854692
         1.01022109142063         4.27708290075359
         1.01341202412474          4.2529450805121
         1.01660295682885         4.22933400813998
         1.01979388953296         4.20624041375217
         1.02298482223708         4.18365507126933
         1.02617575494119         4.16156881147601
          1.0293666876453         4.13997253240818
         1.03255762034941         4.11885720915356
         1.03574855305353         4.09821390265215
         1.03893948575764         4.07803376646802
         1.04213041846175         4.05830805279946
         1.04532135116586         4.03902811838082
         1.04851228386998          4.0201854280361
         1.05170321657409         4.00177155848904
          1.0548941492782         3.98377820102714
         1.05808508198232         3.96619716357202
         1.06127601468643         3.94902037205542
         1.06446694739054         3.93223987139174
         1.06765788009465         3.91584782537545
         1.07084881279877         3.89983651742271
         1.07403974550288         3.88419834901268
         1.07723067820699         3.86892583926747
          1.0804216109111         3.85401162363477
         1.08361254361522         3.83944845166979
         1.08680347631933         3.82522918595046
         1.08999440902344         3.81134679895311
         1.09318534172755         3.79779437094991
         1.09637627443167         3.78456508711834
         1.09956720713578         3.77165223454366
         1.10275813983989         3.75904919889906
           1.105949072544         3.74674946104906
         1.10914000524812         3.73474659342747
         1.11233093795223          3.7230342561178
         1.11552187065634         3.71160619273016
         1.11871280336045         3.70045622642337
         1.12190373606457         3.68957825485308
         1.12509466876868         3.67896624650868
         1.12828560147279         3.66861423489877
          1.1314765341769         3.65851631399604
         1.13466746688102         3.64866663278601
         1.13785839958513         3.63905939000164
         1.14104933228924         3.62968882770183
         1.14424026499335         3.62054922617303
         1.14743119769747          3.6116348966756
         1.15062213040158         3.60294017537495
         1.15381306310569         3.59445941601106
          1.1570039958098         3.58618698264533
         1.16019492851392         3.57811724187281
         1.16338586121803         3.57024455416448
         1.16657679392214         3.56256326571058
         1.16976772662625         3.55506769854838
         1.17295865933037         3.54775214068854
         1.17614959203448         3.54061083558508
         1.17934052473859         3.53363797051697
          1.1825314574427         3.52682766454288
         1.18572239014682         3.52017395551471
         1.18891332285093         3.51367078575794
         1.19210425555504         3.50731198934644
         1.19529518825915         3.50109127796588
         1.19848612096327         3.49500223550084
         1.20167705366738         3.48903835050816
         1.20486798637149         3.48319435204553
