                   T[GeV]                nU[GeV^3]                nD[GeV^3]                nS[GeV^3]             nUBar[GeV^3]             nDBar[GeV^3]            nSBbar[GeV^3]                W[GeV^-2]               effMU[GeV]               effMD[GeV]               effMS[GeV]              effCPU[GeV]              effCPD[GeV]              effCPS[GeV]
                     0.04     0.000297259720851133     0.000297259720851132     5.12053310394235e-06     4.07999582475429e-11     4.07999582475428e-11     6.23927836728021e-13         4.19446045096657        0.352161889130864        0.352161889130864        0.542587566527143        0.318434158842783        0.318434158842783        0.318434158842783
                    0.041     0.000323450723055054     0.000323450723054491     6.19030159468374e-06     6.58153794711225e-11     6.58153794709911e-11     1.11241714009543e-12         4.27579358205949        0.350832982327975        0.350832982328072        0.541993314487759        0.318434158842783        0.318434158842783        0.318434158842783
                    0.042     0.000351269481959157     0.000351269481957035     7.42881959246533e-06     1.04035706040718e-10     1.04035706039993e-10     1.93281609578423e-12         4.35919899287994        0.349423796920089        0.349423796920436        0.541362836170929        0.318434158842783        0.318434158842783        0.318434158842783
                    0.043     0.000380803738938976     0.000380803738940624     8.85454881186298e-06     1.61383563193894e-10     1.61383563194705e-10     3.27861950857419e-12         4.44492545237384        0.347929911190158        0.347929911189901        0.540694198563261        0.318434158842783        0.318434158842783        0.318434158842783
                    0.044     0.000412149327804557     0.000412149327802555     1.04872081935668e-05     2.46001728986051e-10     2.46001728984656e-10     5.43860141359924e-12         4.53326154413428        0.346346459372394        0.346346459372692        0.539985302875691        0.318434158842783        0.318434158842783        0.318434158842783
                    0.045     0.000445411325361117     0.000445411325363067     1.23478569472482e-05      3.6893613597782e-10      3.6893613597972e-10     8.83558327215199e-12         4.62454413783022        0.344668065237111        0.344668065236832         0.53923386243153        0.318434158842783        0.318434158842783        0.318434158842783
                    0.046     0.000480705429867083     0.000480705429871525     1.44589967349212e-05     5.44989791682326e-10     5.44989791688294e-10     1.40778366995279e-11         4.71916808125467         0.34288876138611        0.342888761385502        0.538437375709049        0.318434158842783        0.318434158842783        0.318434158842783
                    0.047     0.000518159623835443     0.000518159623834472     1.68446975221617e-05     7.93784249781006e-10      7.9378424977923e-10     2.20262827721509e-11         4.81759765480438        0.341001891050059        0.341001891050187        0.537593093499856        0.318434158842783        0.318434158842783        0.318434158842783
                    0.048     0.000557916197952764     0.000557916197948357     1.95307529109706e-05     1.14107381812216e-09     1.14107381811132e-09     3.38812407834199e-11         4.92038193263309        0.338999987673581        0.338999987674137        0.536697978643315        0.318434158842783        0.318434158842783        0.318434158842783
                    0.049      0.00060013424045263     0.000600134240442994     2.25448725777859e-05     1.62036919103789e-09     1.62036919100636e-09       5.129317260015e-11         5.02817361440722        0.336874625719483        0.336874625720651         0.53574865617673        0.318434158842783        0.318434158842783        0.318434158842783
                     0.05     0.000644992731294837     0.000644992731289576     2.59169219300102e-05     2.27494297453594e-09     2.27494297451328e-09     7.65026999780776e-11         5.14175351229864        0.334616234039677         0.33461623404029        0.534741351093142        0.318434158842783        0.318434158842783        0.318434158842783
                    0.051     0.000692694434731483     0.000692694434737439     2.96792227130816e-05     3.16031168579662e-09      3.1603116858301e-09     1.12517360882515e-10         5.26206173133879        0.332213859618662        0.332213859617993        0.533671809747378        0.318434158842783        0.318434158842783        0.318434158842783
                    0.052     0.000743470859871778     0.000743470859879072      3.3866933507582e-05     4.34732043119677e-09     4.34732043124979e-09     1.63325855337549e-10         5.39024183153032        0.329654864737575        0.329654864736785        0.532535199433577        0.318434158842783        0.318434158842783        0.318434158842783
                    0.053     0.000797588943484828     0.000797588943484833     3.85185433838698e-05     5.92600521097375e-09     5.92600521097379e-09     2.34175839872494e-10         5.52769552287655        0.326924505129047        0.326924505129047         0.53132596777605        0.318434158842783        0.318434158842783        0.318434158842783
                    0.054     0.000855358526440983     0.000855358526440987     4.36764811633522e-05     8.01046162570723e-09     8.01046162570728e-09     3.31905142429992e-10          5.6761564389896        0.324005510431471        0.324005510431471        0.530037709521275        0.318434158842783        0.318434158842783        0.318434158842783
                    0.055     0.000917144931804541     0.000917144931804496     4.93879795149769e-05     1.07450966663161e-08     1.07450966663154e-08      4.6535679302414e-10         5.83780439873497        0.320877245455116         0.32087724545512        0.528662885135514        0.318434158842783        0.318434158842783        0.318434158842783
                    0.056       0.0009833835761267     0.000983383576126705     5.57061769004453e-05     1.43127456237747e-08     1.43127456237747e-08     6.45896475892665e-10         6.01541439306966        0.317514834534312        0.317514834534311        0.527192540124439        0.318434158842783        0.318434158842783        0.318434158842783
                    0.057      0.00105460171278048      0.00105460171278042     6.26916626856277e-05     1.89454699289014e-08        1.89454699289e-08     8.88046757930363e-10         6.21258105545364        0.313887789224271        0.313887789224277        0.525615859614946        0.318434158842783        0.318434158842783        0.318434158842783
                    0.058      0.00113144944186549      0.00113144944186541     7.04146538743599e-05     2.49392887895657e-08     2.49392887895634e-08     1.21029874800651e-09         6.43405576961562         0.30995805275052        0.309958052750527        0.523919538918217        0.318434158842783        0.318434158842783        0.318434158842783
                    0.059      0.00121474579886888      0.00121474579886887     7.89581706415519e-05     3.26749436057929e-08     3.26749436057929e-08     1.63614549734647e-09         6.68627434383775        0.305677077781392        0.305677077781392        0.522086848838714        0.318434158842783        0.318434158842783        0.318434158842783
                     0.06      0.00130554999187323      0.00130554999187314     8.84228524681157e-05     4.26483644212896e-08     4.26483644212854e-08      2.1954421202871e-09         6.97821311074051        0.300981284637711        0.300981284637719        0.520096192575263        0.318434158842783        0.318434158842783        0.318434158842783
                    0.061      0.00140527676618925      0.00140527676618959      9.8934619227162e-05     5.55176597986336e-08     5.55176597986523e-08     2.92626134970887e-09         7.32285540137344         0.29578465504604        0.295784655046013        0.517918768988178        0.318434158842783        0.318434158842783        0.318434158842783
                    0.062      0.00151589597129214      0.00151589597129328     0.000110657609262361     7.21802985814833e-08     7.21802985815599e-08     3.87756345737828e-09         7.73987500720237         0.28996590644752        0.289965906447432        0.515514556267965        0.318434158842783        0.318434158842783        0.318434158842783
                    0.063      0.00164030101405607      0.00164030101405604     0.000123817787052836     9.39106065702796e-08     9.39106065702772e-08     5.11334244058299e-09         8.26096350281668        0.283344487375799        0.283344487375801        0.512824855587323        0.318434158842783        0.318434158842783        0.318434158842783
                    0.064      0.00178307395281263      0.00178307395281664     0.000138750756907864     1.22632874671148e-07     1.22632874671559e-07     6.71981194385587e-09         8.94167105662242        0.275630689319969        0.275630689319676        0.509756931868713        0.318434158842783        0.318434158842783        0.318434158842783
                    0.065       0.0019523163332429       0.0019523163332542     0.000156014249154098     1.61554748968487e-07     1.61554748969926e-07     8.82004620307971e-09         9.89236346434894         0.26630513241171        0.266305132410909        0.506147281075618        0.318434158842783        0.318434158842783        0.318434158842783
                    0.066      0.00216522738611877      0.00216522738609892     0.000176724057814992     2.17043726836558e-07     2.17043726833358e-07     1.16124751786989e-08         11.3835549201063        0.254248691576868         0.25424869157824         0.50165017405447        0.318434158842783        0.318434158842783        0.318434158842783
                    0.067      0.00247552035266688      0.00247552035266652     0.000204170665663834     3.07670808344477e-07       3.076708083444e-07     1.55363201718659e-08         14.4586834234593        0.235903812151864        0.235903812151888        0.495192928925354        0.318434158842783        0.318434158842783        0.318434158842783
                    0.068      0.00373736134405244      0.00373736134405244     0.000288750972057291     8.03051174960578e-07     8.03051174960578e-07       2.552354095427e-08         11.4852352672206        0.149400537229894        0.149400537229894        0.470988843738095        0.318434158842783        0.318434158842783        0.318434158842783
                    0.069       0.0040280340722491      0.00402803407224643      0.00032229685144879     1.08015980584343e-06     1.08015980584145e-06     3.27332196140077e-08         7.04526631690532         0.12860112616896        0.128601126169198        0.466312667609129        0.318434158842783        0.318434158842783        0.318434158842783
                     0.07      0.00418671215164646      0.00418671215163756     0.000349416550442948     1.32067469912684e-06     1.32067469911874e-06     4.05765848927361e-08         5.83131450633292        0.118069475698028        0.118069475698877        0.463958831632731        0.318434158842783        0.318434158842783        0.318434158842783
                    0.071      0.00430812158377042      0.00430812158377011       0.0003753841661345     1.56627350572302e-06     1.56627350572269e-06     4.96449073039666e-08         5.21439797325968        0.110590304805322        0.110590304805353        0.462243475408868        0.318434158842783        0.318434158842783        0.318434158842783
                    0.072      0.00441111514803616      0.00441111514803608     0.000401225486361324     1.82610054706413e-06     1.82610054706404e-06     6.02074145047228e-08         4.83571860061452        0.104690798034274        0.104690798034282        0.460837984923765        0.318434158842783        0.318434158842783        0.318434158842783
                    0.073      0.00450310874472111      0.00450310874472109     0.000427340191139369     2.10446620593505e-06     2.10446620593502e-06     7.25072133742724e-08         4.57941800870401       0.0997815654603286       0.0997815654603313        0.459614694782264        0.318434158842783        0.318434158842783        0.318434158842783
                    0.074      0.00458784770529646      0.00458784770529341     0.000453930696303255     2.40418032017461e-06     2.40418032016968e-06     8.67957035782347e-08         4.39496226149959       0.0955605484543377       0.0955605484546865        0.458509788226109        0.318434158842783        0.318434158842783        0.318434158842783
                    0.075      0.00466750443503835      0.00466750443502979     0.000481116070833519     2.72743974831574e-06     2.72743974830023e-06     1.03342391983119e-07         4.25633422220943       0.0918502823653284       0.0918502823663408        0.457486623853024        0.318434158842783        0.318434158842783        0.318434158842783
                    0.076      0.00474346136977634      0.00474346136978209     0.000508974408235109     3.07616125610915e-06     3.07616125612076e-06     1.22439451763462e-07         4.14861899957976       0.0885363924635947       0.0885363924628923        0.456522078542268        0.318434158842783        0.318434158842783        0.318434158842783
                    0.077      0.00481665421344588      0.00481665421347443     0.000537560709834592     3.45211891672873e-06     3.45211891679263e-06     1.44404378784116e-07         4.06260710004931       0.0855405938455533       0.0855405938419548        0.455600661627266        0.318434158842783        0.318434158842783        0.318434158842783
                    0.078      0.00488774792095032      0.00488774792095253     0.000566916173944308     3.85701667638169e-06     3.85701667638713e-06     1.69582123757492e-07         3.99228849925073        0.082806640345047        0.082806640344761        0.454711477324125        0.318434158842783        0.318434158842783        0.318434158842783
                    0.079      0.00495723290495597      0.00495723290495355     0.000597073153250144     4.29252647824144e-06     4.29252647823488e-06     1.98346911858246e-07         3.93356669601692       0.0802926108419245       0.0802926108422479        0.453846580206588        0.318434158842783        0.318434158842783        0.318434158842783
                     0.08      0.00502548176574065      0.00502548176573542     0.000628058040106706     4.76031022656889e-06     4.76031022655339e-06     2.31103923834946e-07          3.8835574921419       0.0779663298895335       0.0779663298902508        0.453000009588714        0.318434158842783        0.318434158842783        0.318434158842783
                    0.081      0.00509278458221697      0.00509278458221574     0.000659893037663235     5.26203307832017e-06     5.26203307831617e-06     2.68290900164912e-07         3.84017352427372        0.075802500577528       0.0758025005777022        0.452167191195226        0.318434158842783        0.318434158842783        0.318434158842783
                    0.082      0.00515937183897159      0.00515937183896527      0.00069259729481483     5.79937178759042e-06     5.79937178756826e-06     3.10379695907119e-07         3.80187034443237       0.0737808305015335       0.0737808305024457        0.451344549866896        0.318434158842783        0.318434158842783        0.318434158842783
                    0.083      0.00522542986744498      0.00522542986744943     0.000726187659871721     6.37402009062789e-06     6.37402009064476e-06     3.57877798555745e-07          3.7674840895903       0.0718847621994656       0.0718847621988083        0.450529249595314        0.318434158842783        0.318434158842783        0.318434158842783
                    0.084      0.00529111156536792      0.00529111156537156     0.000760679196167604     6.98769224344336e-06     6.98769224345823e-06      4.1132981361518e-07         3.73612750200461       0.0701005868450211       0.0701005868444716        0.449719013602502        0.318434158842783        0.318434158842783        0.318434158842783
                    0.085      0.00535654403432409      0.00535654403432812     0.000796085543944808      7.6421253678914e-06     7.64212536790915e-06     4.71318918805927e-07         3.70711153798046       0.0684168092960455       0.0684168092954221        0.448911996497026        0.318434158842783        0.318434158842783        0.318434158842783
                    0.086       0.0054218341447753      0.00542183414477342     0.000832419179936871     8.33908100378949e-06      8.3390810037806e-06     5.38468285682469e-07         3.67989907941383       0.0668236829972465       0.0668236829975439        0.448106691347639        0.318434158842783        0.318434158842783        0.318434158842783
                    0.087      0.00548707267137009      0.00548707267136898      0.00086969160719126     9.08034611888843e-06     9.08034611888279e-06     6.13442466370968e-07         3.65406592926822       0.0653128625872109       0.0653128625873906        0.447301860771168        0.318434158842783        0.318434158842783        0.318434158842783
                    0.088      0.00555233741947983      0.00555233741947727     0.000907913496245485     9.86773373994811e-06     9.86773373993421e-06     6.96948742513279e-07         3.62927613902031       0.0638771399220784       0.0638771399225009         0.44649648491814        0.318434158842783        0.318434158842783        0.318434158842783
                    0.089      0.00561769562567693      0.00561769562567683     0.000947094791769357     1.07030833137249e-05     1.07030833137243e-05     7.89738433239531e-07         3.60526160843721       0.0625102403942703       0.0625102403942879        0.445689721583113        0.318434158842783        0.318434158842783        0.318434158842783
                     0.09      0.00568320582616028      0.00568320582616222     0.000987244794214521     1.15882608712492e-05     1.15882608712611e-05     8.92608158806068e-07         3.58180756832281        0.061206663629731       0.0612066636293998        0.444880875181088        0.318434158842783        0.318434158842783        0.318434158842783
                    0.091      0.00574891932941756      0.00574891932941674      0.00102837222321767     1.25251590486993e-05     1.25251590486939e-05     1.00640105663476e-06         3.55874221795674       0.0599615573065493       0.0599615573066925        0.444069372297345        0.318434158842783        0.318434158842783        0.318434158842783
                    0.092      0.00581488138970131      0.00581488138970242      0.00107048526741392     1.35156969993075e-05     1.35156969993153e-05     1.13200794644433e-06          3.5359273478523       0.0587706161396079       0.0587706161394086        0.443254742196194        0.318434158842783        0.318434158842783        0.318434158842783
                    0.093      0.00588113215183484      0.00588113215183579      0.00111359162409334     1.45618202240481e-05     1.45618202240552e-05      1.2703684413675e-06         3.51325242502657       0.0576300001580313       0.0576300001578576        0.442436601109908        0.318434158842783        0.318434158842783        0.318434158842783
                    0.094      0.00594770742007266      0.00594770742007324      0.00115769853134149       1.566550034889e-05     1.56655003488945e-05      1.4224720022968e-06         3.49062801382668       0.0565362677753883       0.0565362677752805        0.441614639427787        0.318434158842783        0.318434158842783        0.318434158842783
                    0.095      0.00601463928216048      0.00601463928216095       0.0012028127934254     1.68287130722101e-05      1.6828713072214e-05     1.58935893123078e-06         3.46799322646845       0.0554863217933391       0.0554863217932507        0.440788611272597        0.318434158842783        0.318434158842783        0.318434158842783
                    0.096      0.00608195663934493      0.00608195663934472      0.00124894080395812     1.80535247454988e-05      1.8053524745497e-05     1.77212130528092e-06         3.44527340771533       0.0544773618936398       0.0544773618936804        0.439958325607718        0.318434158842783        0.318434158842783        0.318434158842783
                    0.097      0.00614968562849175      0.00614968562849203       0.0012960885626478     1.93419621336484e-05     1.93419621336509e-05     1.97190384193445e-06         3.42243459932546       0.0535068484068768       0.0535068484068227        0.439123639128916        0.318434158842783        0.318434158842783        0.318434158842783
                    0.098      0.00621784998935793      0.00621784998935737      0.00134426169165522     2.06960982056868e-05     2.06960982056814e-05     2.18990470047849e-06         3.39944311139284       0.0525724692706402       0.0525724692707511        0.438284450038616        0.318434158842783        0.318434158842783        0.318434158842783
                    0.099      0.00628647136876383      0.00628647136876457      0.00139346544904221     2.21180303609538e-05     2.21180303609612e-05     2.42737621348828e-06         3.37627314393307       0.0516721130336994       0.0516721130335518        0.437440692854912        0.318434158842783        0.318434158842783        0.318434158842783
                      0.1       0.0063555692242436      0.00635556922424322      0.00144370474082141     2.36098800355721e-05     2.36098800355682e-05     2.68562554813102e-06         3.35290683499436       0.0508038457016181       0.0508038457016944        0.436592333961013        0.318434158842783        0.318434158842783        0.318434158842783
                    0.101      0.00642516250221593      0.00642516250221578      0.00149498413184304     2.51737923000219e-05     2.51737923000202e-05       2.966013974871e-06         3.32933105991259       0.0499658909002281       0.0499658909002589        0.435739367775913        0.318434158842783        0.318434158842783        0.318434158842783
                    0.102      0.00649526786294109      0.00649526786294094      0.00154730785580293     2.68119354503148e-05     2.68119354503131e-05     3.26996254636211e-06         3.30553733267633       0.0491566127970847        0.049156612797116         0.43488181343934        0.318434158842783        0.318434158842783        0.318434158842783
                    0.103      0.00656590022057245      0.00656590022057258      0.00160067982461198     2.85265005951937e-05     2.85265005951953e-05     3.59894500758134e-06         3.28152297981048       0.0483745013222648       0.0483745013222371        0.434019711923596        0.318434158842783        0.318434158842783        0.318434158842783
                    0.104      0.00663707428085396      0.00663707428085468      0.00165510363729371     3.03197012404065e-05     3.03197012404156e-05     3.95449303412299e-06         3.25728373331863        0.047618159333369       0.0476181593332142         0.43315312350411        0.318434158842783        0.318434158842783        0.318434158842783
                    0.105      0.00670880343174035      0.00670880343174009      0.00171058258857266      3.2193772872468e-05     3.21937728724645e-05     4.33819534776906e-06         3.23282348944651       0.0468862914065463       0.0468862914066051        0.432282125530242        0.318434158842783        0.318434158842783        0.318434158842783
                    0.106       0.0067811001667241      0.00678110016672389       0.0017671196772522     3.41509725425677e-05     3.41509725425648e-05      4.7516979354718e-06         3.20814567109848       0.0461776940170597       0.0461776940171075        0.431406810451619        0.318434158842783        0.318434158842783        0.318434158842783
                    0.107       0.0068539761775784      0.00685397617757851      0.00182471761447861     3.61935784516672e-05     3.61935784516689e-05     5.19670419376643e-06         3.18325645746253       0.0454912469044388       0.0454912469044127        0.430527284061296        0.318434158842783        0.318434158842783        0.318434158842783
                    0.108      0.00692744243572845      0.00692744243572854      0.00188337883195724     3.83238895379281e-05     3.83238895379296e-05     5.67497499903844e-06         3.15816246601729       0.0448259054479801       0.0448259054479581        0.429643663924823        0.318434158842783        0.318434158842783        0.318434158842783
                    0.109      0.00700150926386193      0.00700150926386183      0.00194310549017586     4.05442250669766e-05     4.05442250669751e-05      6.1883287043297e-06         3.13287263994961       0.0441806939147231       0.0441806939147461        0.428756077969076        0.318434158842783        0.318434158842783        0.318434158842783
                     0.11      0.00707618639914788      0.00707618639914787      0.00200389948667348     4.28569242257093e-05     4.28569242257091e-05     6.73864106359303e-06         3.10739579796994       0.0435546994595573       0.0435546994595602        0.427864663209443        0.318434158842783        0.318434158842783        0.318434158842783
                    0.111      0.00715148304920257      0.00715148304920251      0.00206576246438098     4.52643457200537e-05     4.52643457200526e-05     7.32784508452852e-06         3.08174271323564       0.0429470667788776       0.0429470667788942        0.426969564597543        0.318434158842783        0.318434158842783        0.318434158842783
                    0.112      0.00722740794177638      0.00722740794177608       0.0021286958200574     4.77688673772295e-05     4.77688673772241e-05     7.95793081137624e-06          3.0559238635002       0.0423569933313504       0.0423569933314235        0.426070933973981        0.318434158842783        0.318434158842783        0.318434158842783
                    0.113      0.00730396936898576      0.00730396936898575      0.00219270071283118     5.03728857529698e-05     5.03728857529696e-05     8.63094503922406e-06         3.02995022150484       0.0417837250525721       0.0417837250525748        0.425168929113661        0.318434158842783        0.318434158842783        0.318434158842783
                    0.114       0.0073811752267675      0.00738117522676735      0.00225777807285037     5.30788157436665e-05     5.30788157436636e-05     9.34899096158662e-06         3.00383395193318       0.0412265525070187        0.041226552507057        0.424263712853044        0.318434158842783        0.318434158842783        0.318434158842783
                    0.115      0.00745903305017381      0.00745903305017391      0.00232392861005003     5.58890902040804e-05     5.58890902040824e-05     1.01142277532376e-05         2.97758610309437       0.0406848074191687       0.0406848074191431        0.423355452289578        0.318434158842783        0.318434158842783        0.318434158842783
                    0.116      0.00753755004500282      0.00753755004500271      0.00239115282301465     5.88061595705512e-05      5.8806159570549e-05     1.09288677988023e-05         2.95121951550499       0.0401578595424289       0.0401578595424566        0.422444318047044        0.318434158842783        0.318434158842783        0.318434158842783
                    0.117      0.00761673311621607      0.00761673311621594      0.00245945100795631     6.18324848083265e-05     6.18324848083237e-05     1.17951846175078e-05         2.92474641843884       0.0396451138237827       0.0396451138238176        0.421530483597892        0.318434158842783        0.318434158842783        0.318434158842783
                    0.118      0.00769658889350894      0.00769658889350887      0.00252882326776247     6.49705622975661e-05     6.49705622975646e-05     1.27155005931268e-05         2.89817789038782       0.0391460078336632       0.0391460078336813        0.420614124639737        0.318434158842783        0.318434158842783        0.318434158842783
                    0.119      0.00777712375437204        0.007777123754372      0.00259926952113646     6.82228878625571e-05     6.82228878625562e-05     1.36921934497557e-05         2.87152618804774       0.0386600094292449       0.0386600094292554        0.419695418518277        0.318434158842783        0.318434158842783        0.318434158842783
                     0.12      0.00785834384492836      0.00785834384492836       0.0026707895117822     7.15919786076276e-05     7.15919786076276e-05     1.47276939163182e-05         2.84480327288675       0.0381866146255938       0.0381866146255942         0.41877454369504        0.318434158842783        0.318434158842783        0.318434158842783
                    0.121      0.00794025509878134      0.00794025509878125      0.00274338281764205      7.5080367420875e-05     7.50803674208729e-05      1.5824484970009e-05         2.81802089923212       0.0377253456557783       0.0377253456558018        0.417851679254319        0.318434158842783        0.318434158842783        0.318434158842783
                    0.122      0.00802286325411456      0.00802286325411458      0.00281704886015452     7.86906026340574e-05      7.8690602634058e-05      1.6985101032486e-05         2.79119062914138       0.0372757491939985       0.0372757491939917        0.416927004447346        0.318434158842783        0.318434158842783        0.318434158842783
                    0.123      0.00810617386920526      0.00810617386920524      0.00289178691352068     8.24252476884989e-05     8.24252476884985e-05     1.82121271217646e-05         2.76432380963013       0.0368373947318601       0.0368373947318647         0.41600069827033        0.318434158842783        0.318434158842783        0.318434158842783
                    0.124      0.00819019233653661      0.00819019233653655      0.00296759611394811     8.62868808074333e-05     8.62868808074319e-05     1.95081979626906e-05         2.73743159424889        0.036409873087763       0.0364098730877784        0.415072939074822        0.318434158842783        0.318434158842783        0.318434158842783
                    0.125      0.00827492389564975      0.00827492389564958      0.00304447546887275     9.02780946746612e-05     9.02780946746568e-05     2.08759970591264e-05         2.71052490766187       0.0359927950374543       0.0359927950375003          0.4141439042068        0.318434158842783        0.318434158842783        0.318434158842783
                    0.126      0.00836037364486448      0.00836037364486448      0.00312242386611973     9.44014961194978e-05      9.4401496119498e-05     2.23182557307438e-05         2.68361434615346       0.0355857900539804       0.0355857900539787        0.413213769673974        0.318434158842783        0.318434158842783        0.318434158842783
                    0.127      0.00844654655197743      0.00844654655197745      0.00320144008299035     9.86597265944398e-05     9.86597265944404e-05     2.38377521174903e-05         2.65670917878885       0.0351885051480674       0.0351885051480614        0.412282709839131        0.318434158842783        0.318434158842783        0.318434158842783
                    0.128      0.00853344746405191      0.00853344746405197      0.00328152279525576     0.000103055380400063     0.000103055380400065     2.54373101547569e-05         2.62982167261281       0.0348006037958878         0.03480060379587        0.411350897137983        0.318434158842783        0.318434158842783        0.318434158842783
                    0.129      0.00862108111637392      0.00862108111637393      0.00336267058604605      0.00010759112422537      0.00010759112422537     2.71197985223224e-05         2.60296055323544       0.0344217649501769       0.0344217649501752        0.410418501819669        0.318434158842783        0.318434158842783        0.318434158842783
                     0.13      0.00870945214066341      0.00870945214066346      0.00344488195459123     0.000112269618478427     0.000112269618478429     2.88881295698254e-05         2.57613528184069       0.0340516821246846       0.0340516821246719         0.40948569171036        0.318434158842783        0.318434158842783        0.318434158842783
                    0.131       0.0087985650726105      0.00879856507261047      0.00352815532483845     0.000117093536228691     0.000117093536228691       3.074525822208e-05         2.54935506687892        0.033690062545635       0.0336900625456419        0.408552631996001        0.318434158842783        0.318434158842783        0.318434158842783
                    0.132      0.00888842435879639       0.0088884243587964       0.0036124890538801     0.000122065562927916     0.000122065562927917     3.26941808666665e-05         2.52262880047125       0.0333366263653169       0.0333366263653117        0.407619485026416        0.318434158842783        0.318434158842783        0.318434158842783
                    0.133      0.00897903436305757      0.00897903436305762      0.00369788144021439     0.000127188396136916     0.000127188396136918     3.47379342269617e-05         2.49596504955477       0.0329911059319889        0.032991105931972        0.406686410137289        0.318434158842783        0.318434158842783        0.318434158842783
                    0.134       0.0090703993723488      0.00907039937234883      0.00378433073181306     0.000132464745258271     0.000132464745258272     3.68795942232711e-05         2.46937269498854       0.0326532451097648        0.032653245109755        0.405753563489841        0.318434158842783        0.318434158842783        0.318434158842783
                    0.135      0.00916252360213944      0.00916252360213941      0.00387183513396424     0.000137897331274536     0.000137897331274535     3.91222748245171e-05         2.44285857979496       0.0323227986475102       0.0323227986475188        0.404821097928514        0.318434158842783        0.318434158842783        0.318434158842783
                    0.136      0.00925541120139549      0.00925541120139555      0.00396039281691644     0.000143488886492247     0.000143488886492249     4.14691268934907e-05         2.41643091309267       0.0319995315893859       0.0319995315893659        0.403889162853386        0.318434158842783        0.318434158842783        0.318434158842783
                    0.137      0.00934906625717693      0.00934906625717694      0.00405000192326671      0.00014924215429141     0.000149242154291411     4.39233370276304e-05         2.39009710329206       0.0316832187256474       0.0316832187256457        0.402957904109447        0.318434158842783        0.318434158842783        0.318434158842783
                    0.138      0.00944349279888584      0.00944349279888586      0.00414066057512088     0.000155159888880466     0.000155159888880466     4.64881263981471e-05         2.36386424771552       0.0313736440798635       0.0313736440798586        0.402027463889574        0.318434158842783        0.318434158842783        0.318434158842783
                    0.139       0.0095386948021959      0.00953869480219592      0.00423236688100034     0.000161244855056657     0.000161244855056658     4.91667495895819e-05         2.33773913920786       0.0310706004293812       0.0310706004293725        0.401097980651581        0.318434158842783        0.318434158842783        0.318434158842783
                     0.14      0.00963467619268764      0.00963467619268764       0.0043251189424813     0.000167499827971632     0.000167499827971632     5.19624934418741e-05         2.31172829626546        0.030773888857279       0.0307738888572803        0.400169589048998        0.318434158842783        0.318434158842783        0.318434158842783
                    0.141      0.00973144084921836      0.00973144084921833      0.00441891486057818     0.000173927592902342     0.000173927592902341     5.48786758972241e-05         2.28583792261289       0.0304833183320253       0.0304833183320352         0.39924241987383        0.318434158842783        0.318434158842783        0.318434158842783
                    0.142      0.00982899260704321      0.00982899260704323      0.00451375274185099     0.000180530945026937     0.000180530945026937     5.79186448534981e-05         2.26007399181106        0.030198705314395       0.0301987053143884        0.398316600011553        0.318434158842783        0.318434158842783        0.318434158842783
                    0.143      0.00992733526071289      0.00992733526071289      0.00460963070424042     0.000187312689205775     0.000187312689205775     6.10857770260986e-05         2.23444216994833       0.0299198733880538       0.0299198733880539        0.397392252407234        0.318434158842783        0.318434158842783        0.318434158842783
                    0.144       0.0100264725667625       0.0100264725667624      0.00470654688262192     0.000194275639767306     0.000194275639767305     6.43834768199172e-05         2.20894787236452       0.0296466529131071       0.0296466529131096        0.396469496042526        0.318434158842783        0.318434158842783        0.318434158842783
                    0.145       0.0101264082462102       0.0101264082462102      0.00480449943408379     0.000201422620298822     0.000201422620298822     6.78151752130566e-05         2.18359627105988        0.029378880700274       0.0293788807002734        0.395548445922504        0.318434158842783        0.318434158842783        0.318434158842783
                    0.146       0.0102271459868802       0.0102271459868802      0.00490348654292927     0.000208756463441945     0.000208756463441945     7.13843286538126e-05          2.1583922262279       0.0291163997045946       0.0291163997045961        0.394629213071756        0.318434158842783        0.318434158842783        0.318434158842783
                    0.147       0.0103286894455625       0.0103286894455625       0.0050035064253883     0.000216280010692737     0.000216280010692738     7.50944179720217e-05         2.13334041181509       0.0288590587372794       0.0288590587372748        0.393711904539975        0.318434158842783        0.318434158842783        0.318434158842783
                    0.148       0.0104310422500257       0.0104310422500257      0.00510455733405986     0.000223996112206456     0.000223996112206455     7.89489473063324e-05         2.10844521403509       0.0286067121937389        0.028606712193743        0.392796623415366        0.318434158842783        0.318434158842783        0.318434158842783
                    0.149       0.0105342080009204       0.0105342080009204      0.00520663756209211     0.000231907626608189      0.00023190762660819     8.29514430486528e-05         2.08371081449936       0.0283592197869325       0.0283592197869286        0.391883468845067        0.318434158842783        0.318434158842783        0.318434158842783
                     0.15       0.0106381902733971       0.0106381902733971      0.00530974544702548     0.000240017420800283     0.000240017420800285     8.71054528053141e-05         2.05914114448095       0.0281164463503597       0.0281164463503482        0.390972536066393        0.318434158842783        0.318434158842783        0.318434158842783
                    0.151       0.0107429926189012       0.0107429926189012      0.00541387937447691     0.000248328369788063     0.000248328369788063     9.14145443791317e-05         2.03473992770223       0.0278782615522167       0.0278782615522133        0.390063916438656        0.318434158842783        0.318434158842783        0.318434158842783
                    0.152       0.0108486185666766       0.0108486185666766      0.00551903778148856     0.000256843356501431     0.000256843356501432     9.58823047698393e-05         2.01051065516552       0.0276445396845215       0.0276445396845189        0.389157697485202        0.318434158842783        0.318434158842783        0.318434158842783
                    0.153       0.0109550716250398       0.0109550716250397      0.00562521915958908     0.000265565271613847     0.000265565271613846     0.000100512339194223         1.98645661322388       0.0274151595101495       0.0274151595101593        0.388253962942695        0.318434158842783        0.318434158842783        0.318434158842783
                    0.154       0.0110623552828234       0.0110623552828234       0.0057324220576733     0.000274497013378367     0.000274497013378368      0.00010530827012866         1.96258087388053       0.0271900040282914       0.0271900040282847         0.38735279281171        0.318434158842783        0.318434158842783        0.318434158842783
                    0.155       0.0111704730105839       0.0111704730105839      0.00584064508460144     0.000283641487460328     0.000283641487460329     0.000110273736372498          1.9388863097441         0.02696896030233       0.0269689603023269        0.386454263413985        0.318434158842783        0.318434158842783        0.318434158842783
                    0.156       0.0112794282617593       0.0112794282617593      0.00594988691155874     0.000293001606775368     0.000293001606775367     0.000115412392133339         1.91537561208749       0.0267519192867346       0.0267519192867391        0.385558447454003        0.318434158842783        0.318434158842783        0.318434158842783
                    0.157       0.0113892244737503       0.0113892244737503      0.00606014627418171     0.000302580291331143     0.000302580291331145     0.000120727906134577         1.89205125863141       0.0265387756634182       0.0265387756634069        0.384665414084526        0.318434158842783        0.318434158842783        0.318434158842783
                    0.158       0.0114998650689338       0.0114998650689338      0.00617142197447387     0.000312380468072818     0.000312380468072817     0.000126223960745817         1.86891558001538        0.026329427685989       0.0263294276859968        0.383775228974882        0.318434158842783        0.318434158842783        0.318434158842783
                    0.159       0.0116113534556105       0.0116113534556105      0.00628371288248585     0.000322405070732105     0.000322405070732105     0.000131904251135606         1.84597072555206       0.0261237770322917       0.0261237770322892        0.382887954383353        0.318434158842783        0.318434158842783        0.318434158842783
                     0.16       0.0117236930323444       0.0117236930323444      0.00639701793780156       0.0003326570396799     0.000332657039679899     0.000137772484447394         1.82321864168599        0.025921728663851       0.0259217286638625        0.382003649231523        0.318434158842783        0.318434158842783        0.318434158842783
                    0.161       0.0118368871747676       0.0118368871747676       0.0065113361508212     0.000343139321782278     0.000343139321782278     0.000143832378998382         1.80066108820733       0.0257231906929599       0.0257231906929594        0.381122369181159        0.318434158842783        0.318434158842783        0.318434158842783
                    0.162       0.0119509392577124       0.0119509392577124      0.00662666660384632     0.000353854870259945     0.000353854870259946     0.000150087663501169         1.77829974826581       0.0255280742556301       0.0255280742556235        0.380244166713442        0.318434158842783        0.318434158842783        0.318434158842783
                    0.163       0.0120658526415146       0.0120658526415147      0.00674300845199235     0.000364806644550928      0.00036480664455093     0.000156542076308588         1.75613610779194       0.0253362933911746       0.0253362933911644        0.379369091209357        0.318434158842783        0.318434158842783        0.318434158842783
                    0.164       0.0121816306763519       0.0121816306763519      0.00686036092391682     0.000375997610176516     0.000375997610176514     0.000163199364681086         1.73417150609126       0.0251477649272819       0.0251477649272936        0.378497189031992        0.318434158842783        0.318434158842783        0.318434158842783
                    0.165       0.0122982767028868       0.0122982767028868      0.00697872332239471     0.000387430738610326     0.000387430738610324     0.000170063284077135         1.71240714145915       0.0249624083707135        0.024962408370722         0.37762850360929        0.318434158842783        0.318434158842783        0.318434158842783
                    0.166       0.0124157940530053       0.0124157940530053      0.00709809502472186     0.000399109007150433     0.000399109007150434     0.000177137597465705         1.69084406851094        0.024780145803171       0.0247801458031687        0.376763075518377        0.318434158842783        0.318434158842783        0.318434158842783
                    0.167       0.0125341860501077       0.0125341860501077      0.00721847548298489     0.000411035398794558     0.000411035398794558      0.00018442608283979         1.66948321336801       0.0246009017816941       0.0246009017816938        0.375900942569717        0.318434158842783        0.318434158842783        0.318434158842783
                    0.168       0.0126534560096845       0.0126534560096845        0.007339864224178     0.000423212902118097     0.000423212902118098     0.000191932512038969         1.64832536093822       0.0244246032441027       0.0244246032440986        0.375042139892241        0.318434158842783        0.318434158842783        0.318434158842783
                    0.169       0.0127736072400207       0.0127736072400207      0.00746226085020567     0.000435644511155098     0.000435644511155099     0.000199660663784787         1.62737119730773       0.0242511794183287       0.0242511794183238        0.374186700017729        0.318434158842783        0.318434158842783        0.318434158842783
                     0.17       0.0128946430425603       0.0128946430425603      0.00758566503773926     0.000448333225281956     0.000448333225281956     0.000207614324623649         1.60662126280323       0.0240805617362101       0.0240805617362141        0.373334652966188        0.318434158842783        0.318434158842783        0.318434158842783
                    0.171       0.0130165667123496       0.0130165667123496      0.00771007653798264     0.000461282049103899     0.000461282049103899     0.000215797221998197         1.58607600426007       0.0239126837508065       0.0239126837508066         0.37248602632974        0.318434158842783        0.318434158842783        0.318434158842783
                    0.172       0.0131393815384523       0.0131393815384523      0.00783549517631461     0.000474494000679673     0.000474494000679674     0.000224213261238525         1.56573569336438       0.0237474810575174       0.0237474810575133          0.3716408453568        0.318434158842783        0.318434158842783        0.318434158842783
                    0.173       0.0132630908043401       0.0132630908043401      0.00796192085183588     0.000487972097037053     0.000487972097037052     0.000232866192422659         1.54560053793567       0.0235848912188175       0.0235848912188196        0.370799133035384        0.318434158842783        0.318434158842783        0.318434158842783
                    0.174       0.0133876977882609       0.0133876977882609      0.00808935353682752     0.000501719348247371     0.000501719348247369     0.000241759816471927         1.52567072438976       0.0234248536920049       0.0234248536920135        0.369960910175424        0.318434158842783        0.318434158842783        0.318434158842783
                    0.175       0.0135132057635847       0.0135132057635847      0.00821779327612259     0.000515738710319131     0.000515738710319133     0.000250897936597694         1.50594667975151       0.0232673097601595       0.0232673097601513        0.369126195490229        0.318434158842783        0.318434158842783        0.318434158842783
                    0.176       0.0136396179991289       0.0136396179991289      0.00834724018639522     0.000530033327086184     0.000530033327086183     0.000260284357821795         1.48642763612452       0.0231122024660885       0.0231122024660933        0.368295005677079        0.318434158842783        0.318434158842783        0.318434158842783
                    0.177        0.013766937759465        0.013766937759465      0.00847769445538893     0.000544606184954346     0.000544606184954346     0.000269922886516007         1.46711372551234       0.0229594765490791       0.0229594765490794        0.367467355496112        0.318434158842783        0.318434158842783        0.318434158842783
                    0.178       0.0138951683052066       0.0138951683052066      0.00860915634106821      0.00055946032216731     0.000559460322167311     0.000279817329959267         1.44800470053707       0.0228090783842211        0.022809078384216        0.366643257848483        0.318434158842783        0.318434158842783        0.318434158842783
                    0.179       0.0140243128932814       0.0140243128932814      0.00874162617072218     0.000574598781379949     0.000574598781379949     0.000289971495913051         1.42910022804535        0.022660955924338       0.0226609559243361        0.365822723852622        0.318434158842783        0.318434158842783        0.318434158842783
                     0.18       0.0141543747771867       0.0141543747771866      0.00887510434000493     0.000590024609566561      0.00059002460956656     0.000300389192213656         1.41039990453689       0.0225150586442915       0.0225150586442961        0.365005762919506        0.318434158842783        0.318434158842783        0.318434158842783
                    0.181       0.0142853572072297       0.0142853572072297      0.00900959131194214     0.000605740857931252     0.000605740857931252     0.000311074226381884         1.39190324628961       0.0223713374875729       0.0223713374875692        0.364192382825763        0.318434158842783        0.318434158842783        0.318434158842783
                    0.182       0.0144172634307551       0.0144172634307552      0.00914508761588023     0.000621750581820399       0.0006217505818204     0.000322030405248502         1.37360970067016       0.0222297448150481       0.0222297448150453          0.3633825897859        0.318434158842783        0.318434158842783        0.318434158842783
                    0.183       0.0145500966923581       0.0145500966923581      0.00928159384641395     0.000638056840637154     0.000638056840637156     0.000333261534596308         1.35551864046275       0.0220902343558026       0.0220902343557957        0.362576388522157        0.318434158842783        0.318434158842783        0.318434158842783
                    0.184       0.0146838602340855       0.0146838602340855      0.00941911066227123     0.000654662697757915     0.000654662697757915     0.000344771418817271         1.33762937828755       0.0219527611599626       0.0219527611599632        0.361773782333175        0.318434158842783        0.318434158842783        0.318434158842783
                    0.185       0.0148185572956257       0.0148185572956257       0.0095576387851741     0.000671571220450756     0.000671571220450756     0.000356563860584898         1.31994116175238       0.0218172815533398       0.0218172815533391        0.360974773160751        0.318434158842783        0.318434158842783        0.318434158842783
                    0.186       0.0149541911144867       0.0149541911144867      0.00969717899868336      0.00068878547979572     0.000688785479795719     0.000368642660541589         1.30245317992812       0.0216837530939498       0.0216837530939548        0.360179361654523        0.318434158842783        0.318434158842783        0.318434158842783
                    0.187       0.0150907649261646       0.0150907649261646      0.00983773214700846     0.000706308550606967     0.000706308550606966     0.000381011616999477         1.28516456379476       0.0215521345302119       0.0215521345302144        0.359387547235575        0.318434158842783        0.318434158842783        0.318434158842783
                    0.188       0.0152282819643021       0.0152282819643021      0.00997929913382257     0.000724143511356721     0.000724143511356721     0.000393674525656045         1.26807439148108       0.0214223857607033       0.0214223857607023        0.358599328157321        0.318434158842783        0.318434158842783        0.318434158842783
                    0.189       0.0153667454608374       0.0153667454608374       0.0101218809210475     0.000742293444100947     0.000742293444100947     0.000406635179322258         1.25118169398557       0.0212944677956244       0.0212944677956267        0.357814701565397        0.318434158842783        0.318434158842783        0.318434158842783
                     0.19       0.0155061586461452       0.0155061586461452       0.0102654785276441     0.000760761434406763     0.000760761434406764     0.000419897367664329         1.23448544922216       0.0211683427196211        0.021168342719617        0.357033663555131        0.318434158842783        0.318434158842783        0.318434158842783
                    0.191       0.0156465247491691       0.0156465247491691       0.0104100930283885     0.000779550571281498     0.000779550571281498     0.000433464876957673         1.21798458723244       0.0210439736560812       0.0210439736560821        0.356256209227561        0.318434158842783        0.318434158842783        0.318434158842783
                    0.192       0.0157878469975462       0.0157878469975462       0.0105557255526502     0.000798663947103383     0.000798663947103383     0.000447341489853204          1.2016779981097       0.0209213247328022       0.0209213247327993          0.3554823327435        0.318434158842783        0.318434158842783        0.318434158842783
                    0.193       0.0159301286177248       0.0159301286177248       0.0107023772831734     0.000818104657553822     0.000818104657553821     0.000461530985155657         1.18556453310823       0.0208003610489408       0.0208003610489439        0.354712027375628        0.318434158842783        0.318434158842783        0.318434158842783
                    0.194       0.0160733728350751       0.0160733728350751       0.0108500494548522     0.000837875801551211      0.00083787580155121     0.000476037137612837         1.16964299764303       0.0206810486432305       0.0206810486432329        0.353945285559206        0.318434158842783        0.318434158842783        0.318434158842783
                    0.195       0.0162175828739934       0.0162175828739934       0.0109987433535216     0.000857980481186266     0.000857980481186266     0.000490863717716518          1.1539121650206       0.0205633544633445       0.0205633544633452        0.353182098940555        0.318434158842783        0.318434158842783        0.318434158842783
                    0.196       0.0163627619580003       0.0163627619580003       0.0111484603147479     0.000878421801658818     0.000878421801658818     0.000506014491513624         1.13837077842621       0.0204472463364395        0.020447246336439        0.352422458424125        0.318434158842783        0.318434158842783        0.318434158842783
                    0.197       0.0165089133098332       0.0165089133098332        0.011299201722633     0.000899202871216037     0.000899202871216037     0.000521493220428082         1.12301753290224       0.0203326929407987       0.0203326929407993        0.351666354217592        0.318434158842783        0.318434158842783        0.318434158842783
                    0.198        0.016656040151533        0.016656040151533       0.0114509690086257     0.000920326801092061     0.000920326801092061     0.000537303661092417         1.10785110792875       0.0202196637784872       0.0202196637784872        0.350913775875477        0.318434158842783        0.318434158842783        0.318434158842783
                    0.199       0.0168041457045264       0.0168041457045264        0.011603763650349     0.000941796705448989     0.000941796705448989     0.000553449565189299         1.09287015007557       0.0201081291490245       0.0201081291490243        0.350164712340891        0.318434158842783        0.318434158842783        0.318434158842783
                      0.2       0.0169532331897027       0.0169532331897027       0.0117575871738956     0.000963615701319194     0.000963615701319194     0.000569934679302477         1.07807327991717       0.0199980601240388       0.0199980601240369        0.349419151985637        0.318434158842783        0.318434158842783        0.318434158842783
                    0.201       0.0171033058314357       0.0171033058314357       0.0119124411398764     0.000985786908548945     0.000985786908548945     0.000586762744776402         1.06345908798383       0.0198894285227991       0.0198894285227991         0.34867708264897        0.318434158842783        0.318434158842783        0.318434158842783
                    0.202       0.0172543668429484       0.0172543668429484       0.0120683271600185      0.00100831344974328      0.00100831344974328     0.000603937497585077         1.04902615147714       0.0197822068887048       0.0197822068887035         0.34793849167443        0.318434158842783        0.318434158842783        0.318434158842783
                    0.203       0.0174064194468292       0.0174064194468292       0.0122252468851919      0.00103119845021214      0.00103119845021214     0.000621462668209186         1.03477301882952       0.0196763684665161        0.019676368466519        0.347203365945292        0.318434158842783        0.318434158842783        0.318434158842783
                    0.204       0.0175594668624927       0.0175594668624927       0.0123832020068023      0.00105444503791766      0.00105444503791766     0.000639341981521315         1.02069821631158       0.0195718871805224       0.0195718871805201        0.346471691918544        0.318434158842783        0.318434158842783        0.318434158842783
                    0.205       0.0177135123091372       0.0177135123091372       0.0125421942557165      0.00107805634342267      0.00107805634342267     0.000657579156679116         1.00680025783045       0.0194687376133706       0.0194687376133694        0.345743455657373        0.318434158842783        0.318434158842783        0.318434158842783
                    0.206       0.0178685590057973       0.0178685590057973       0.0127022254012122      0.00110203549984036      0.00110203549984036     0.000676177907026387        0.993077638469076       0.0193668949857486       0.0193668949857476        0.345018642862042        0.318434158842783        0.318434158842783        0.318434158842783
                    0.207       0.0180246101713945       0.0180246101713945       0.0128632972499388        0.001126385642785        0.001126385642785     0.000695141940000899        0.979528835809378       0.0192663351367224       0.0192663351367207        0.344297238899758        0.318434158842783        0.318434158842783        0.318434158842783
                    0.208       0.0181816690247837       0.0181816690247837       0.0130254116449112      0.00115110991032378      0.00115110991032378      0.00071447495705019        0.966152316945594       0.0191670345047992       0.0191670345047993        0.343579228832665        0.318434158842783        0.318434158842783        0.318434158842783
                    0.209       0.0183397387847972       0.0183397387847972        0.013188570464511      0.00117621144292974      0.00117621144292974     0.000734180653553223        0.952946534156926       0.0190689701096257       0.0190689701096263        0.342864597445124        0.318434158842783        0.318434158842783        0.318434158842783
                     0.21        0.018498822670286        0.018498822670286       0.0133527756215237       0.0012016933834357       0.0012016933834357     0.000754262718749752        0.939909926911728       0.0189721195343648       0.0189721195343608        0.342153329269081        0.318434158842783        0.318434158842783        0.318434158842783
                    0.211       0.0186589239001585       0.0186589239001585       0.0135180290621856      0.00122755887698922      0.00122755887698922     0.000774724835675181        0.927040927406267       0.0188764609086379       0.0188764609086372        0.341445408608729        0.318434158842783        0.318434158842783        0.318434158842783
                    0.212       0.0188200456934167       0.0188200456934168       0.0136843327652589      0.00125381107100853      0.00125381107100853     0.000795570681102072        0.914337958257267       0.0187819728921203       0.0187819728921183        0.340740819563689        0.318434158842783        0.318434158842783        0.318434158842783
                    0.213       0.0189821912691901         0.01898219126919       0.0138516887411284      0.00128045311513945      0.00128045311513945     0.000816803925487561        0.901799429663252       0.0186886346586233       0.0186886346586268        0.340039546051064        0.318434158842783        0.318434158842783        0.318434158842783
                    0.214        0.019145363846767        0.019145363846767       0.0140200990309183       0.0013074881612132       0.0013074881612132     0.000838428232926421        0.889423750712465       0.0185964258808304       0.0185964258808314        0.339341571826434        0.318434158842783        0.318434158842783        0.318434158842783
                    0.215       0.0193095666456248       0.0193095666456248       0.0141895657056329       0.0013349193632052       0.0013349193632052      0.00086044726110972        0.877209324817547       0.0185053267154316       0.0185053267154312         0.33864688050373        0.318434158842783        0.318434158842783        0.318434158842783
                    0.216       0.0194748028854574       0.0194748028854574       0.0143600908653191       0.0013627498771947       0.0013627498771947     0.000882864661288881        0.865154549125381       0.0184153177888622       0.0184153177888626        0.337955455574031        0.318434158842783        0.318434158842783        0.318434158842783
                    0.217       0.0196410757862007       0.0196410757862007        0.014531676638249      0.00139098286132531      0.00139098286132531      0.00090568407824471        0.853257812180766        0.018326380183501       0.0183263801835006        0.337267280423457        0.318434158842783        0.318434158842783        0.318434158842783
                    0.218       0.0198083885680572       0.0198083885680572       0.0147043251801267      0.00141962147576638      0.00141962147576638     0.000928909150261605        0.841517507359744       0.0182384954242959       0.0182384954242953        0.336582338349973        0.318434158842783        0.318434158842783        0.318434158842783
                    0.219        0.019976744451518        0.019976744451518       0.0148780386733149      0.00144866888267521      0.00144866888267521     0.000952543509106358        0.829932021683539       0.0181516454659151        0.018151645465915        0.335900612579354        0.318434158842783        0.318434158842783        0.318434158842783
                     0.22       0.0201461466573841       0.0201461466573841       0.0150528193260854      0.00147812824616006      0.00147812824616006     0.000976590780011855         0.81849973995371       0.0180658126802574       0.0180658126802592        0.335222086280104        0.318434158842783        0.318434158842783        0.318434158842783
                    0.221       0.0203165984067851       0.0203165984067851       0.0152286693718864      0.00150800273224399      0.00150800273224399      0.00100105458166477        0.807219052140454       0.0179809798444263       0.0179809798444254        0.334546742577738        0.318434158842783        0.318434158842783        0.318434158842783
                    0.222       0.0204881029211979       0.0204881029211979       0.0154055910686354       0.0015382955088294       0.0015382955088294      0.00102593852619794        0.796088345570771       0.0178971301290951       0.0178971301290952        0.333874564568018        0.318434158842783        0.318434158842783        0.318434158842783
                    0.223        0.020660663422463        0.020660663422463       0.0155835866980288       0.0015690097456634       0.0015690097456634      0.00105124621918664        0.785106003486281       0.0178142470872493       0.0178142470872499        0.333205535329515        0.318434158842783        0.318434158842783        0.318434158842783
                    0.224          0.0208342831328          0.0208342831328       0.0157626585648754      0.00160014861430391      0.00160014861430391      0.00107698125964895         0.77427042233364       0.0177323146433214       0.0177323146433207        0.332539637935316        0.318434158842783        0.318434158842783        0.318434158842783
                    0.225       0.0210089652748217       0.0210089652748216       0.0159428089964454      0.00163171528808639      0.00163171528808639      0.00110314724004966         0.76357999260355       0.0176513170826444       0.0176513170826459        0.331876855464134        0.318434158842783        0.318434158842783        0.318434158842783
                    0.226       0.0211847130715473       0.0211847130715473       0.0161240403418438      0.00166371294209139      0.00166371294209139      0.00112974774630829        0.753033113958212       0.0175712390413337       0.0175712390413345        0.331217171010527        0.318434158842783        0.318434158842783        0.318434158842783
                    0.227       0.0213615297464146       0.0213615297464146       0.0163063549713972       0.0016961447531127       0.0016961447531127      0.00115678635781003        0.742628181767843       0.0174920654963862       0.0174920654963839        0.330560567694671        0.318434158842783        0.318434158842783        0.318434158842783
                    0.228        0.021539418523291        0.021539418523291       0.0164897552760669      0.00172901389962624      0.00172901389962624      0.00118426664742072        0.732363603752504       0.0174137817562086       0.0174137817562085        0.329907028671217        0.318434158842783        0.318434158842783        0.318434158842783
                    0.229       0.0217183826264834       0.0217183826264834       0.0166742436668714      0.00176232356175951      0.00176232356175951      0.00121219218150443         0.72223779009654       0.0173363734513985       0.0173363734513993        0.329256537137833        0.318434158842783        0.318434158842783        0.318434158842783
                     0.23       0.0218984252807477       0.0218984252807477       0.0168598225743363      0.00179607692126178      0.00179607692126178       0.0012405665199448        0.712249153350969       0.0172598265258317       0.0172598265258317        0.328609076342845        0.318434158842783        0.318434158842783        0.318434158842783
                    0.231       0.0220795497112972       0.0220795497112972        0.017046494447952      0.00183027716147483      0.00183027716147483      0.00126939321616864        0.702396118141708       0.0171841272280465       0.0171841272280457        0.327964629592653        0.318434158842783        0.318434158842783        0.318434158842783
                    0.232       0.0222617591438101       0.0222617591438101       0.0172342617556584      0.00186492746730434      0.00186492746730434      0.00129867581717317        0.692677111090813       0.0171092621028982       0.0171092621028993        0.327323180258264        0.318434158842783        0.318434158842783        0.318434158842783
                    0.233       0.0224450568044362       0.0224450568044362       0.0174231269833365      0.00190003102519184      0.00190003102519184      0.00132841786355519        0.683090567988324       0.0170352179834948       0.0170352179834945         0.32668471178167        0.318434158842783        0.318434158842783        0.318434158842783
                    0.234       0.0226294459198036       0.0226294459198036       0.0176130926343256      0.00193559102308728      0.00193559102308728      0.00135862288954374        0.673634932279083       0.0169619819833651       0.0169619819833644         0.32604920768138        0.318434158842783        0.318434158842783        0.318434158842783
                    0.235       0.0228149297170235       0.0228149297170235       0.0178041612289504      0.00197161065042211      0.00197161065042211      0.00138929442303463        0.664308653152471       0.0168895414889106       0.0168895414889096        0.325416651557754        0.318434158842783        0.318434158842783        0.318434158842783
                    0.236       0.0230015114236956       0.0230015114236956       0.0179963353040621      0.00200809309808301      0.00200809309808301      0.00142043598562736        0.655110192109403       0.0168178841520618       0.0168178841520634        0.324787027097886        0.318434158842783        0.318434158842783        0.318434158842783
                    0.237       0.0231891942679121       0.0231891942679121       0.0181896174126027      0.00204504155838605      0.00204504155838605      0.00145205109266496        0.646038016405506       0.0167469978831984        0.016746997883198        0.324160318079844        0.318434158842783        0.318434158842783        0.318434158842783
                    0.238       0.0233779814782613       0.0233779814782613       0.0183840101231752      0.00208245922505143      0.00208245922505143      0.00148414325327538        0.637090604235568       0.0166768708442632        0.016676870844262         0.32353650837676        0.318434158842783        0.318434158842783        0.318434158842783
                    0.239       0.0235678762838314       0.0235678762838314       0.0185795160196323      0.00212034929317879      0.00212034929317879      0.00151671597041521        0.628266439179757       0.0166074914421115       0.0166074914421103        0.322915581960435        0.318434158842783        0.318434158842783        0.318434158842783
                     0.24       0.0237588819142122       0.0237588819142122       0.0187761377006776      0.00215871495922292      0.00215871495922292      0.00154977274091539         0.61956401622264       0.0165388483220775        0.016538848322078        0.322297522904611        0.318434158842783        0.318434158842783        0.318434158842783
                    0.241       0.0239510015994982       0.0239510015994982       0.0189738777794825      0.00219755942097002      0.00219755942097002      0.00158331705552894        0.610981844009009       0.0164709303617129       0.0164709303617125        0.321682315387838        0.318434158842783        0.318434158842783        0.318434158842783
                    0.242         0.02414423857029         0.02414423857029       0.0191727388833115      0.00223688587751446      0.00223688587751446       0.0016173523989802        0.602518437653651       0.0164037266647346       0.0164037266647354        0.321069943696148        0.318434158842783        0.318434158842783        0.318434158842783
                    0.243       0.0243385960576955       0.0243385960576955       0.0193727236531642      0.00227669752923598      0.00227669752923598      0.00165188225001598        0.594172323318567       0.0163372265551719       0.0163372265551722        0.320460392225332        0.318434158842783        0.318434158842783        0.318434158842783
                    0.244       0.0245340772933313       0.0245340772933313       0.0195738347434273      0.00231699757777736      0.00231699757777736      0.00168691008145838        0.585942038432903       0.0162714195716687       0.0162714195716679        0.319853645482947        0.318434158842783        0.318434158842783        0.318434158842783
                    0.245       0.0247306855093231       0.0247306855093231       0.0197760748215396      0.00235778922602252      0.00235778922602252      0.00172243936025898        0.577826134203701       0.0162062954619863       0.0162062954619874        0.319249688090071        0.318434158842783        0.318434158842783        0.318434158842783
                    0.246       0.0249284239383057       0.0249284239383057       0.0199794465676672       0.0023990756780751       0.0023990756780751      0.00175847354755463        0.569823165804432       0.0161418441776532       0.0161418441776535        0.318648504782802        0.318434158842783        0.318434158842783        0.318434158842783
                    0.247       0.0251272958134233       0.0251272958134233       0.0201839526743907      0.00244086013923747      0.00244086013923747      0.00179501609872451        0.561931709825348       0.0160780558687954       0.0160780558687957        0.318050080413498        0.318434158842783        0.318434158842783        0.318434158842783
                    0.248       0.0253273043683293       0.0253273043683293       0.0203895958464016      0.00248314581599007      0.00248314581599007      0.00183207046344848        0.554150342693205       0.0160149208791063       0.0160149208791064        0.317454399951847        0.318434158842783        0.318434158842783        0.318434158842783
                    0.249       0.0255284528371849       0.0255284528371849       0.0205963788002125      0.00252593591597131      0.00252593591597131      0.00186964008576694         0.54647766407181       0.0159524297409819       0.0159524297409819        0.316861448485585        0.318434158842783        0.318434158842783        0.318434158842783
                     0.25        0.025730744454659        0.025730744454659       0.0208043042638703      0.00256923364795775      0.00256923364795775      0.00190772840414112        0.538912275650714        0.015890573170806       0.0158905731708058        0.316271211221283        0.318434158842783        0.318434158842783        0.318434158842783
                    0.251       0.0259341824559266       0.0259341824559266        0.021013374976688       0.0026130422218447       0.0026130422218447      0.00194633885151534        0.531452799564296       0.0158293420643613       0.0158293420643628        0.315683673484621        0.318434158842783        0.318434158842783        0.318434158842783
                    0.252       0.0261387700766676       0.0261387700766676       0.0212235936889793      0.00265736484862726      0.00265736484862726       0.0019854719524274        0.524097866859447        0.015768727492386       0.0157687274923853        0.315098820720707        0.318434158842783        0.318434158842783        0.318434158842783
                    0.253       0.0263445105530649       0.0263445105530649        0.021434963161802       0.0027022047403817       0.0027022047403817      0.00202513983783356        0.516846114619997       0.0157087206962623       0.0157087206962612         0.31451663849424        0.318434158842783        0.318434158842783        0.318434158842783
                    0.254       0.0265514071218029       0.0265514071218029       0.0216474861667166      0.00274756224106145      0.00274756224106145      0.00206533721565069        0.509697267767841       0.0156493130838379       0.0156493130838381        0.313937112489308        0.318434158842783        0.318434158842783        0.318434158842783
                    0.255       0.0267594630200653       0.0267594630200653       0.0218611654855439       0.0027934491724077       0.0027934491724077      0.00210607040034414        0.502646799660253       0.0155904962253668        0.015590496225367        0.313360228509339        0.318434158842783        0.318434158842783        0.318434158842783
                    0.256       0.0269686814855331       0.0269686814855331       0.0220760039966955      0.00283986014207497      0.00283986014207497      0.00214734279823261        0.495696582543988       0.0155322618495643        0.015532261849564        0.312785972476718        0.318434158842783        0.318434158842783        0.318434158842783
                    0.257       0.0271790658476368       0.0271790658476368         0.02229200433178      0.00288680123547075      0.00288680123547075      0.00218915781050744        0.488844246724126         0.01547460183978       0.0154746018397807        0.312214330432271        0.318434158842783        0.318434158842783        0.318434158842783
                    0.258       0.0273906191655146       0.0273906191655146       0.0225091693852396      0.00293427566981025      0.00293427566981025       0.0022315188332996        0.482088496391664       0.0154175082302953       0.0154175082302957         0.31164528853484        0.318434158842783        0.318434158842783        0.318434158842783
                    0.259       0.0276033447662501       0.0276033447662501       0.0227275019776904      0.00298228666328547      0.00298228666328547      0.00227442925774808        0.475428049884387       0.0153609732027113       0.0153609732027108        0.311078833060493        0.318434158842783        0.318434158842783        0.318434158842783
                     0.26       0.0278172458894534       0.0278172458894534       0.0229470049389363      0.00303083743504907      0.00303083743504907      0.00231789247006817        0.468861639558253       0.0153049890824428       0.0153049890824424         0.31051495040182        0.318434158842783        0.318434158842783        0.318434158842783
                    0.261       0.0280323257752191       0.0280323257752191       0.0231676811077754      0.00307993120519839      0.00307993120519839       0.0023619118516204        0.462388011110692       0.0152495483353315       0.0152495483353313        0.309953627067069        0.318434158842783        0.318434158842783        0.318434158842783
                    0.262       0.0282485876641227       0.0282485876641227       0.0233895333318125      0.00312957119475992      0.00312957119475992      0.00240649077897991        0.456005916155389       0.0151946435643321       0.0151946435643321        0.309394849679209        0.318434158842783        0.318434158842783        0.318434158842783
                    0.263       0.0284660347972183       0.0284660347972183       0.0236125644672782      0.00317976062567397      0.00317976062567397      0.00245163262400608        0.449714129533042       0.0151402675063148       0.0151402675063143        0.308838604974914        0.318434158842783        0.318434158842783        0.318434158842783
                    0.264       0.0286846704160353       0.0286846704160353       0.0238367772785314      0.00323050272077965      0.00323050272077964      0.00249734075391237        0.443511433897526       0.0150864130289383       0.0150864130289389        0.308284879803523        0.318434158842783        0.318434158842783        0.318434158842783
                    0.265       0.0289044976591472       0.0289044976591472       0.0240621748395629       0.0032818007038002       0.0032818007038002      0.00254361853133672        0.437396623066858        0.015033073127631       0.0150330731276308        0.307733661125843        0.318434158842783        0.318434158842783        0.318434158842783
                    0.266       0.0291255199766282       0.0291255199766282       0.0242887599313107      0.00333365779932855      0.00333365779932855      0.00259046931441173        0.431368500640414        0.014980240922644       0.0149802409226445        0.307184936013015        0.318434158842783        0.318434158842783        0.318434158842783
                    0.267       0.0293477405078464       0.0293477405078464       0.0245165354428356      0.00338607723281315      0.00338607723281315      0.00263789645683527        0.425425893519092       0.0149279096561903       0.0149279096561903        0.306638691645237        0.318434158842783        0.318434158842783        0.318434158842783
                    0.268       0.0295711624962278       0.0295711624962278       0.0247455042709997      0.00343906223054409      0.00343906223054409      0.00268590330794119        0.419567635373168       0.0148760726896685       0.0148760726896686        0.306094915310472        0.318434158842783        0.318434158842783        0.318434158842783
                    0.269       0.0297957891856559       0.0297957891856559       0.0249756693203162      0.00349261601963948      0.00349261601963948      0.00273449321276987        0.413792576196524       0.0148247235009609       0.0148247235009614        0.305553594403152        0.318434158842783        0.318434158842783        0.318434158842783
                     0.27       0.0300216238204676       0.0300216238204676       0.0252070335028045      0.00354674182803209      0.00354674182803209      0.00278366951213903        0.408099574379364       0.0147738556818032       0.0147738556818028        0.305014716422793        0.318434158842783        0.318434158842783        0.318434158842783
                    0.271       0.0302486696454498       0.0302486696454498        0.025439599737851      0.00360144288445623      0.00360144288445623      0.00283343554271452        0.402487503154737       0.0147234629352294       0.0147234629352291        0.304478268972591        0.318434158842783        0.318434158842783        0.318434158842783
                    0.272       0.0304769299058358       0.0304769299058358        0.025673370952071      0.00365672241843489      0.00365672241843489       0.0028837946370808        0.396955250972885       0.0146735390730942       0.0146735390730936        0.303944239758036        0.318434158842783        0.318434158842783        0.318434158842783
                    0.273       0.0307064078473008       0.0307064078473008       0.0259083500791779      0.00371258366026713      0.00371258366026713      0.00293475012381165        0.391501711662618       0.0146240780136484        0.014624078013648        0.303412616585441        0.318434158842783        0.318434158842783        0.318434158842783
                    0.274        0.030937106715959        0.030937106715959       0.0261445400598536      0.00376902984101567      0.00376902984101567      0.00298630532754042        0.386125801337815       0.0145750737791957       0.0145750737791952        0.302883387360527        0.318434158842783        0.318434158842783        0.318434158842783
                    0.275        0.031169029758359        0.031169029758359       0.0263819438416255      0.00382606419249476      0.00382606419249476      0.00303846356304647        0.380826444754193       0.0145265204938005       0.0145265204938006        0.302356540086877        0.318434158842783        0.318434158842783        0.318434158842783
                    0.276       0.0314021802214805       0.0314021802214805       0.0266205643787446      0.00388368994149779      0.00388368994149779      0.00309122816000108        0.375602573610862       0.0144784123810683       0.0144784123810683        0.301832062864516        0.318434158842783        0.318434158842783        0.318434158842783
                    0.277        0.031636561352731        0.031636561352731       0.0268604046320679      0.00394191033364861      0.00394191033364861      0.00314460242500478        0.370453142365752       0.0144307437612903       0.0144307437612904        0.301309943888389        0.318434158842783        0.318434158842783        0.318434158842783
                    0.278       0.0318721763999377       0.0318721763999377       0.0271014675689442      0.00400072859645862      0.00400072859645862      0.00319858966763267         0.36537711150633       0.0143835090520922       0.0143835090520924        0.300790171446889        0.318434158842783        0.318434158842783        0.318434158842783
                    0.279       0.0321090286113503       0.0321090286113503       0.0273437561631036      0.00406014796463346      0.00406014796463346      0.00325319319386844        0.360373454611319       0.0143367027622464       0.0143367027622464        0.300272733920305        0.318434158842783        0.318434158842783        0.318434158842783
                     0.28       0.0323471212356326       0.0323471212356326       0.0275872733945492      0.00412017167357223      0.00412017167357223      0.00330841630617326        0.355441160586488       0.0142903194924373       0.0142903194924368        0.299757619779356        0.318434158842783        0.318434158842783        0.318434158842783
                    0.281       0.0325864575218595       0.0325864575218595       0.0278320222494516      0.00418080295935688      0.00418080295935688      0.00336426230355435        0.350579225658888       0.0142443539326258       0.0142443539326258        0.299244817583692        0.318434158842783        0.318434158842783        0.318434158842783
                    0.282       0.0328270407195131       0.0328270407195131       0.0280780057200471      0.00424204505874148      0.00424204505874148      0.00342073448163335         0.34578666827614       0.0141988008601619       0.0141988008601617         0.29873431598038        0.318434158842783        0.318434158842783        0.318434158842783
                    0.283       0.0330688740784788       0.0330688740784788       0.0283252268045379      0.00430390120914175      0.00430390120914175      0.00347783613271415        0.341062500932131       0.0141536551379341       0.0141536551379345        0.298226103702419        0.318434158842783        0.318434158842783        0.318434158842783
                    0.284       0.0333119608490414       0.0333119608490414       0.0285736885069945      0.00436637464862477      0.00436637464862477      0.00353557054585026        0.336405768970719       0.0141089117125833       0.0141089117125835        0.297720169567283        0.318434158842783        0.318434158842783        0.318434158842783
                    0.285       0.0335563042818811       0.0335563042818811       0.0288233938372613       0.0044294686158988       0.0044294686158988      0.00359394100691195        0.331815514754522       0.0140645656127484       0.0140645656127484        0.297216502475424        0.318434158842783        0.318434158842783        0.318434158842783
                    0.286       0.0338019076280693       0.0338019076280693       0.0290743458108648      0.00449318635030342      0.00449318635030342      0.00365295079865277        0.327290803317409       0.0140206119473685       0.0140206119473688        0.296715091408812        0.318434158842783        0.318434158842783        0.318434158842783
                    0.287       0.0340487741390651       0.0340487741390651       0.0293265474489227      0.00455753109179971      0.00455753109179971      0.00371260320077557        0.322830700464832       0.0139770459040199       0.0139770459040197        0.296215925429507        0.318434158842783        0.318434158842783        0.318434158842783
                    0.288       0.0342969070667111       0.0342969070667111       0.0295800017780567      0.00462250608096072      0.00462250608096072      0.00377290148999816         0.31843429362591       0.0139338627473023       0.0139338627473022        0.295718993678209        0.318434158842783        0.318434158842783        0.318434158842783
                    0.289       0.0345463096632294       0.0345463096632294        0.029834711830306      0.00468811455896203      0.00468811455896203      0.00383384894011831        0.314100677007459       0.0138910578172611       0.0138910578172618        0.295224285372858        0.318434158842783        0.318434158842783        0.318434158842783
                     0.29        0.034796985181217        0.034796985181217       0.0300906806430431      0.00475435976757234      0.00475435976757234      0.00389544882207818        0.309828955653461       0.0138486265284237       0.0138486265284232         0.29473178980724        0.318434158842783        0.318434158842783        0.318434158842783
                    0.291       0.0350489368736456       0.0350489368736455       0.0303479112588938      0.00482124494914515      0.00482124494914515      0.00395770440402861        0.305618250135139       0.0138065643660141       0.0138065643660146        0.294241496349559        0.318434158842783        0.318434158842783        0.318434158842783
                    0.292       0.0353021679938518       0.0353021679938518       0.0306064067256545      0.00488877334660871      0.00488877334660871      0.00402061895139214        0.301467688341803       0.0137648668879461       0.0137648668879457        0.293753394441136        0.318434158842783        0.318434158842783        0.318434158842783
                    0.293       0.0355566817955375       0.0355566817955375       0.0308661700962151      0.00495694820345802      0.00495694820345802      0.00408419572692599        0.297376410078154       0.0137235297210814       0.0137235297210811        0.293267473595045        0.318434158842783        0.318434158842783        0.318434158842783
                    0.294       0.0358124815327648       0.0358124815327648        0.031127204428482      0.00502577276374605      0.00502577276374605      0.00414843799078429        0.293343572657348       0.0136825485604331       0.0136825485604329        0.292783723394776        0.318434158842783        0.318434158842783        0.318434158842783
                    0.295       0.0360695704599519       0.0360695704599519       0.0313895127853028       0.0050952502720753       0.0050952502720753      0.00421334900057961        0.289368334010169       0.0136419191678073       0.0136419191678079        0.292302133492961        0.318434158842783        0.318434158842783        0.318434158842783
                    0.296       0.0363279518318701       0.0363279518318701       0.0316530982343933       0.0051653839735895       0.0051653839735895      0.00427893201144409        0.285449870418135       0.0136016373704843        0.013601637370485        0.291822693610061        0.318434158842783        0.318434158842783        0.318434158842783
                    0.297       0.0365876289036393       0.0365876289036393        0.031917963848264      0.00523617711396546      0.00523617711396546      0.00434519027608953        0.281587364694848       0.0135616990599335        0.013561699059934        0.291345393533157        0.318434158842783        0.318434158842783        0.318434158842783
                    0.298       0.0368486049307245       0.0368486049307245        0.032184112704151      0.00530763293940505      0.00530763293940505      0.00441212704486736        0.277780017994116       0.0135221001905554       0.0135221001905559        0.290870223114669        0.318434158842783        0.318434158842783        0.318434158842783
                    0.299       0.0371108831689321       0.0371108831689321       0.0324515478839452      0.00537975469662738      0.00537975469662738      0.00447974556582742        0.274027032642731       0.0134828367784606       0.0134828367784608         0.29039717227119        0.318434158842783        0.318434158842783        0.318434158842783
                      0.3       0.0373744668744063       0.0373744668744063       0.0327202724741251      0.00545254563286101      0.00545254563286101      0.00454804908477659         0.27032762600434       0.0134439049002704       0.0134439049002702        0.289926230982257        0.318434158842783        0.318434158842783        0.318434158842783
